2664
6305
4160
4775
3381
4230
2724
7639
4834
6952
8548
7306
1574
2814
861
3490
4844
2138
3649
7939
6615
5712
4959
8783
4483
8470
1212
5049
6179
3618
7248
2503
8367
2185
8670
579
5864
1805
2046
7018
2423
9014
2018
3570
3401
6825
7867
805
6027
7301
1037
5657
3383
4640
3659
3495
1791
5755
8353
3458
594
3622
5774
6259
5780
9358
8454
8532
3181
4029
8890
3430
5586
6218
2875
6538
7469
270
7217
3979
1442
8209
8141
1573
1362
7509
4992
4918
4680
4857
1133
3365
812
9214
420
1807
2948
8219
7070
1509
2876
1922
1003
6145
2328
7664
7445
3706
8429
1865
4360
4961
5926
9341
1838
1255
5254
6088
2871
1206
6306
6580
2523
5577
69
2076
8752
2928
9334
6335
6208
1425
2556
7678
6028
2253
5001
5398
3367
5851
3172
3837
7124
2081
750
3781
6595
2162
9115
6663
7803
8053
7146
1029
1526
6537
3150
5614
6093
4177
9233
4442
8863
1925
3249
9359
3513
7324
5610
2726
6390
8906
409
1209
816
8939
5454
2863
1230
1613
573
7644
3864
4328
3346
7957
3033
2601
2027
843
5725
9024
729
4146
7737
4659
3205
14
4990
7147
2709
6883
4178
2794
4391
6266
5591
311
215
4979
851
7252
1277
6819
3553
3206
173
5575
7419
2405
3532
6801
2986
2422
3769
1484
7516
1367
6833
12
8953
1419
7744
2532
7125
352
850
9094
2715
2335
3982
6917
5477
5359
3538
2068
7265
4658
360
7057
6035
5651
5242
6848
678
3130
1061
8452
7213
8043
1073
8360
5448
7214
5339
533
1350
2632
6961
1657
6181
3200
5570
5402
3638
4179
1015
1578
8099
9142
2947
6136
1896
7697
894
3650
7478
390
8868
7839
2387
370
3968
6048
7871
5514
4105
7064
3153
1649
8241
5002
4427
6876
8189
4136
1915
5738
4399
6865
2352
1458
4111
2227
7512
1592
1157
2494
3482
4804
7981
4013
5218
7523
4807
3575
2642
4383
6935
428
7450
8488
1074
7359
3097
5781
3209
2521
5925
1962
4372
9388
4852
5419
295
8128
2471
4925
1721
6176
3972
8359
8675
966
855
636
7629
6381
7327
4192
3820
190
8894
6186
6099
902
2852
6359
706
6962
748
1233
6666
7331
2667
5629
5608
257
5799
3411
8004
8995
7914
8032
7904
9184
3704
7686
1698
8741
5155
8103
4991
1488
8800
2281
50
8183
638
7898
8990
3567
315
3
6742
9033
5347
863
7713
3133
9005
4670
5564
8856
1836
1145
6201
5092
9006
1841
6380
6438
2648
6454
5682
8778
4014
4112
923
3497
3132
1081
9025
5063
7571
3478
33
45
256
3202
3821
7005
496
8358
4629
3014
4779
8669
7550
7517
4453
3930
6228
8673
2334
8226
5722
785
5998
6163
858
1368
1120
7732
1338
4048
5356
2186
1854
6156
8279
832
6079
9198
3527
6937
2149
2371
1360
9011
6734
9209
4078
1668
3629
4439
3671
5348
7237
8180
8865
5330
1103
2742
4501
3753
67
6213
1928
7321
2203
6150
6557
7830
182
1208
7337
3632
2400
6000
4310
2972
4858
690
7367
8748
8181
4161
7653
4026
7817
3003
7284
818
28
1373
5549
7670
4974
2788
445
3364
3170
7271
1184
799
5840
7785
6633
5700
1749
4394
847
9097
6724
8041
2790
4263
4247
7798
4575
6193
2811
1002
2869
925
2897
8048
5494
7473
8420
4235
1931
6094
1940
8451
5201
8545
2541
1220
4316
2809
656
3598
5089
1280
9387
5340
7833
5064
4356
7395
5811
1496
3664
6598
9202
4795
5165
5200
4703
5618
9352
8897
2649
8871
8228
9043
3724
8519
884
2695
276
6560
1031
5393
9313
4134
2543
7033
924
6083
9087
2315
1204
4438
5380
4044
7804
534
8063
743
829
3787
4994
3515
8637
4043
1750
4591
683
2428
6984
8812
7385
7847
7238
3103
8366
2214
2616
3082
3060
4731
7959
4366
3494
4171
1544
7608
7723
4102
442
4823
3669
8854
5341
1872
1849
2748
2295
8461
1593
3250
1653
2445
5672
3184
6286
3409
8789
3061
8298
3998
1512
6682
2980
8648
6023
3483
8238
5301
4651
1914
3348
6496
1282
5500
2048
5950
7918
4338
2036
3188
1089
754
7258
6016
998
7905
7390
3191
1242
7185
5828
2056
1372
6117
2136
8373
4368
6827
3608
5837
1365
1053
520
1820
6436
3846
2672
5969
5678
1724
1730
5551
4
672
3261
5235
6248
4648
639
8345
7767
3116
8556
7626
5952
9099
97
4763
7563
3488
883
5461
7834
6111
5407
6849
3023
7570
6826
1366
7216
1092
5294
4909
495
3373
7760
975
741
4647
3236
972
4354
5194
2091
9230
5350
3996
5587
7059
8950
7002
3262
4797
642
1913
8084
7742
3909
3234
1320
9350
2184
265
6908
6624
8947
3621
1773
2629
1532
4004
3917
8636
5872
6245
2114
330
5547
5989
9047
7210
753
7035
5584
7635
564
814
5484
8174
6508
810
8223
3688
4264
5820
1143
5784
4196
8911
7166
8011
379
6478
7176
5605
3853
7908
2656
444
8071
9330
8887
5727
6162
2418
2768
4331
7764
1256
1231
8061
5596
41
8323
5483
8292
8543
879
2374
27
7102
4133
4397
1052
8760
6292
5094
5988
3829
9215
5970
936
5291
5836
110
1554
2473
5116
1043
7425
6522
7474
8387
8054
5638
7507
3121
6730
7343
8898
7010
8342
8631
4789
1776
9007
5182
6215
3135
1788
1077
8728
849
4516
1250
8626
5463
8245
4225
116
8347
417
1862
3559
2728
3350
1844
1382
1477
381
1096
3778
9360
6887
8052
3127
6069
4289
577
6294
4871
5899
4970
4400
1013
2199
4947
2688
2375
4505
8167
8839
2727
6116
6285
1732
3901
8956
6536
6566
1159
3548
6230
1764
1418
3106
2761
8423
3418
3256
375
4254
2662
8951
8499
5401
7857
4725
9273
8520
1625
3932
128
2531
1691
7620
5800
2181
3887
7262
2099
463
6370
9367
2408
2671
5114
1127
7438
2960
205
1911
4941
9045
3544
9071
2271
7050
4232
2805
5231
6147
5615
2773
1287
4859
8058
8154
1586
540
1734
5789
6671
1774
5684
3712
8343
8695
5265
1105
868
3228
341
8271
3960
6793
865
8525
3062
464
5111
6205
5812
9343
7121
3651
8614
3412
210
2060
9251
1070
4305
1987
8266
5839
5143
1257
5305
1504
2915
5718
2478
7142
2344
1303
7790
8912
6320
2159
7096
6778
221
1953
9300
6327
605
2308
1619
5202
6352
7827
7426
1134
8591
3641
7495
130
4122
7674
3536
875
888
6873
2117
7544
1847
7725
6787
1723
9028
5911
9283
8957
8139
344
4039
5660
3946
3313
7592
3590
6534
7621
6404
6351
9130
4067
3799
1401
5642
7490
2762
870
7127
1910
8643
5079
6578
9199
1624
9362
3924
4790
1171
3685
6067
9155
3589
7851
6338
8229
4430
6969
7001
1410
4813
1903
37
7056
9207
6501
8907
4234
6817
5367
3857
5583
1141
8834
2476
8914
5279
7304
3268
5616
2305
7660
4583
3533
1469
3529
8721
8668
2647
5861
3223
1564
2067
8709
6140
1340
9076
4544
3112
5703
9240
7400
766
4428
1483
2711
3591
3386
7950
2740
5410
4334
4384
8413
2052
2479
4891
8274
8060
3402
7504
8240
1182
3797
845
5105
590
9000
1332
