8373
9060
4096
2225
6193
3043
5774
8860
4068
333
2215
666
6018
2256
3112
5850
3516
1119
1899
9166
5401
4856
7276
6226
6535
8723
6314
2212
1395
156
4460
3414
5480
2083
774
1848
7380
7341
3666
557
6603
9244
2871
777
3068
5424
8032
510
7884
4655
9307
8078
2798
1755
9221
1601
2662
844
6498
7083
2680
5640
7101
8467
6214
2710
1257
4816
6373
2139
7041
6903
5636
1680
3976
2405
7553
2730
3777
1813
3342
288
5665
8828
4855
2220
6022
4364
3080
1535
6001
3502
979
4328
4755
2375
3161
8523
7767
9247
4204
1463
5271
2959
8572
4503
6908
385
7723
9208
341
4546
6689
3488
8578
828
5350
950
6926
1593
1116
7116
834
18
31
5798
1129
4673
907
4219
5514
2891
5965
8472
4293
6777
8997
8378
1397
7633
8856
7096
4261
8137
1530
6190
1768
1201
7566
5309
7334
6411
390
3524
1617
5586
5556
1618
1316
713
299
3076
8073
9369
7239
8963
5210
3027
2697
1657
5043
7184
4520
6396
2685
2237
9044
1500
2575
4997
1198
3586
2520
3829
9122
5950
132
2743
4754
1169
9133
8296
4390
6950
1976
7030
5631
1148
9383
5875
961
2194
6284
4551
2133
6951
5244
7187
617
1418
5048
5816
7854
8466
7589
3895
1061
5436
3733
4200
6169
6543
1515
1838
8328
8143
2027
3098
2017
1420
852
6213
4964
1401
1930
2879
6864
7824
7727
4055
7737
596
5326
8131
2481
3400
7397
7010
1428
1332
2413
5150
5301
3092
1633
4658
7427
4475
7108
4378
3209
5985
3602
2851
1587
7818
7651
8593
8618
7847
7712
3943
2183
4426
336
6181
6936
818
6079
795
4797
2456
5164
4242
4209
5324
9154
4368
1048
1216
4182
8190
349
6315
464
6480
2063
7023
6590
2299
2342
8897
8659
16
6463
5502
948
2659
4043
3247
3392
2599
1281
2513
6968
7885
4241
8870
7462
6768
929
8449
2102
7749
6404
1297
6653
7663
7672
4805
867
8592
5711
4995
8396
8416
7139
1853
2107
5334
2696
5026
6251
2732
1267
7358
3157
8219
532
7046
5289
1831
4291
3285
5295
3810
923
1992
4640
2221
7274
7927
4703
39
3677
8052
5754
6906
1385
6436
2633
8802
6027
1979
8408
4536
3309
8676
8253
8406
1776
6126
1718
5703
906
630
8066
2314
1736
5808
5609
2719
7181
7909
7844
6344
4774
163
1575
4048
8060
9209
4499
6165
2570
2234
2614
8826
3324
8696
1225
5650
4228
5226
4672
5448
6405
6593
1772
7447
2158
5930
1997
7638
5512
95
1737
5142
8234
819
3397
2026
751
4918
6954
1305
3447
5
2606
2712
6595
6163
4564
3782
3768
8726
5072
943
5814
3788
1805
8281
6910
962
9115
3558
2779
1957
7823
32
2953
49
1400
7160
3841
8900
2970
5497
3888
7321
2238
3583
9052
5476
8786
3435
5037
615
8230
799
8804
1526
7477
953
4377
3334
7411
1223
9328
2927
3262
622
2365
360
6612
3401
2154
4303
3658
5838
3749
7630
7817
7810
5601
998
8767
316
5710
7916
6276
7487
1461
4637
6901
3299
433
6341
1559
4590
716
3427
2171
7945
4675
1807
3354
5408
7756
4915
7684
9049
6727
4696
6266
8369
4799
4120
145
649
4004
4847
2263
7054
822
2126
5728
2709
8750
7773
2939
208
3249
9277
1549
8644
3449
8693
8682
2042
3056
8548
1914
816
6004
3198
7806
2810
5313
1254
1956
7639
6644
4150
4385
1739
3710
9004
2283
1632
4833
1604
2124
2580
3344
7284
3159
179
7121
4782
7708
3905
3352
5986
8331
5121
8887
1834
8271
8988
3999
4146
2904
9171
8382
5279
5223
7243
2409
2437
5637
1881
3167
9018
2114
5493
9290
5074
432
6370
8691
8590
3368
5919
1765
7791
1882
4851
6915
3207
3718
5000
1855
4614
7449
4064
7656
671
6930
4363
3389
4730
5679
5398
8739
1628
108
4457
6032
8801
8883
3240
3512
7088
8666
5543
5810
8259
5134
7438
2912
4942
2305
5015
5110
4736
5261
502
1709
702
6782
7794
7562
675
7504
4478
5087
9050
8844
4425
7118
2484
5785
4507
4656
860
143
375
6308
4689
1126
1655
7584
8191
5215
4852
6586
1468
5643
1302
4534
7496
3322
7525
8760
5992
2626
9124
7328
6820
8800
6076
6826
7838
689
213
6545
8053
1465
1313
2543
6602
3691
3815
3047
8955
13
8946
5485
8718
5113
4280
6762
9091
2379
7425
6168
856
2980
586
7080
8636
694
3900
5895
7661
8027
2393
9323
5275
5755
5305
2320
9316
1823
8004
6043
3519
7200
6471
2934
4745
6759
7830
7989
815
8186
5803
8286
743
2427
6921
4301
4968
3792
8041
4681
9119
5019
5431
968
2588
8114
7269
8448
2284
7702
6574
3499
4897
5807
7072
4438
215
1679
7280
8665
5459
2594
3637
7934
6044
5761
2883
8754
5203
801
7688
8157
2585
4786
733
2014
9224
328
4186
3996
1219
9361
6505
8690
3290
4887
2321
9325
8500
6092
5474
2080
5418
1248
7092
8188
3946
4813
2260
6342
6899
6604
8599
5647
3647
2711
5157
8285
8361
5077
5651
3172
2400
3973
1265
324
9204
4630
7432
5766
6655
984
2294
4051
8977
8176
1636
5872
2636
4024
2487
8973
7097
7826
8933
7474
4320
6870
8720
453
1950
3898
723
4013
240
2565
7408
461
1167
8953
4354
8762
6605
5664
5147
3883
3183
4602
487
982
3493
1785
190
3158
3117
8607
543
2441
3511
5175
1731
9201
4586
5542
7784
3860
2820
2683
4227
8861
2498
6392
6250
4913
7316
8551
3731
6408
7289
8394
544
98
1702
3536
6592
5489
201
473
4347
4669
9236
5771
2433
4402
1508
7754
1969
9126
3284
4495
3232
647
607
5799
6358
7455
2264
2985
6703
6837
4442
3790
4904
7759
6211
9255
6103
6878
1694
292
7646
1325
3713
7049
5983
2302
1088
4318
1227
2911
2548
5752
7354
3235
2673
8581
1941
7109
2292
2505
1170
3194
1505
8303
7906
4180
546
5190
5861
7115
6905
9147
902
5229
6818
597
8155
6855
6161
2952
8601
8937
4781
3709
6658
659
4017
5199
5671
7780
3229
8788
1486
4811
7887
9331
2279
266
7035
574
2425
6365
7055
7486
4900
8055
1983
7258
5029
248
6212
6125
2034
1270
6681
3094
3282
3762
5204
6831
1923
5843
4494
3771
6859
9348
993
2801
7387
8134
2547
8237
9007
553
2786
1370
1762
298
589
9282
2112
8469
5127
5484
2387
7070
9305
8890
4831
8784
5684
3099
2446
5024
6677
3507
2492
594
1918
2206
7778
8352
5566
170
6399
5498
682
7231
4573
9016
823
5152
7293
7407
3769
2455
3998
1288
6734
8236
4711
331
2134
6843
3960
1394
160
8768
7951
4875
4448
8309
4728
6063
8172
2717
124
6851
5308
4383
783
2020
1319
4845
6809
6913
9214
4188
6992
7643
9207
2278
5988
66
7173
2880
3990
4279
2227
4176
3091
1054
6431
6472
1079
3724
4483
2536
1495
5726
8132
8843
8125
2323
3560
5240
7056
1399
1008
785
1442
4415
2015
5701
4597
892
1857
7758
2478
1368
59
445
2295
6058
1605
7886
5709
3530
6869
6445
5921
5437
9102
2179
7391
2290
1608
1509
870
6924
1295
7840
1711
7019
4232
8623
837
9330
4516
6096
4902
220
7567
8806
7920
752
2089
3437
1880
8337
7883
1232
1353
521
6148
3939
4132
3728
2859
111
8405
5658
8379
8770
1798
2861
435
8579
1606
4698
8106
1553
5103
1
7246
5715
3757
3441
3546
3693
5030
6232
7163
211
3320
2608
4129
2527
8274
6137
1620
8520
6607
3926
6187
7586
3930
5571
1749
3413
8506
9374
1063
9161
242
6816
2567
8541
1592
1699
3803
5874
9139
4253
6055
2313
676
6805
2568
5520
7618
3193
5517
5891
8531
7377
285
2489
6081
9017
8009
8605
2418
8005
4236
1781
4598
8515
4599
5535
389
6258
4937
297
3754
4984
5523
3554
750
6260
838
2128
2184
2246
4153
6575
8648
7416
1123
2521
4944
7939
6865
3402
250
3168
1972
7288
4907
4841
7234
4526
7507
2078
1445
8993
249
8841
5946
8348
644
2130
6426
3191
2159
7374
1789
6090
8324
7363
5425
5093
1289
6067
4327
1756
4069
5156
1740
8991
7722
7713
5619
1176
8048
3834
9211
5207
7167
2826
6663
3783
7923
350
8855
6112
6507
1738
5579
3694
1358
9061
5835
2984
6628
4699
7453
3738
4454
9076
1767
2142
6257
6985
1514
985
8354
6309
8299
4680
787
5460
4664
4931
9352
2830
4271
1990
3175
3130
2815
2127
293
7082
7021
3258
4208
1909
888
2451
1962
1205
1863
6935
67
4943
7232
6813
9134
2896
5383
4416
6886
9087
3770
6442
2787
8968
7106
9179
3480
763
4196
3395
247
7796
3399
133
3766
2297
4155
2439
8126
8504
7426
496
8522
2870
4446
4609
525
403
5085
7034
3448
5388
7213
4990
2188
2166
8345
908
5018
356
6723
5767
3982
1602
5880
9125
3575
6395
4528
7873
7718
3584
4522
627
7310
3479
1173
9135
1733
1747
8471
6135
3942
7822
4935
7413
8062
5575
4936
3049
5855
4894
8260
3263
7534
7637
8576
7220
4082
4300
6750
4771
2416
2047
1050
9281
7149
7268
859
882
8297
3373
2593
4225
3146
7193
8783
4020
2252
6773
5898
3470
5292
2996
7357
1704
4963
217
8552
9212
5877
8221
2398
5402
4329
149
3981
7998
146
4468
1375
7664
1459
4721
3017
6106
5344
6560
1879
1003
6265
1615
2767
7249
6124
9084
9047
4445
6188
8478
3625
7789
6029
5725
8588
75
6045
5237
4538
927
3483
1720
8147
1055
6957
2103
8915
2391
2727
2097
7018
8773
6050
5596
1935
8215
4260
9265
8105
1922
5629
3704
973
850
3321
8375
4222
3722
6965
3062
4126
6760
9005
1584
8650
3248
6932
8294
6636
2366
1049
3308
6371
4206
2678
6989
789
4796
2740
1790
5468
5082
391
7526
1504
1826
1262
7587
6479
7001
2150
8193
6638
8407
1335
7740
243
1506
6958
7404
2893
1671
1648
904
3431
1166
8935
6231
6252
855
9157
6494
3651
8061
6792
1647
1108
5885
9206
8189
2885
6553
8560
7078
6829
2723
5805
3574
7117
3948
3233
6264
7230
6709
3467
6285
7981
2181
2987
916
7958
4502
439
1348
845
5560
7880
4173
2742
3808
8338
1912
3570
4106
9105
4263
3974
12
4563
9077
768
8721
1367
3303
1991
530
2681
8796
8717
4859
2217
3250
287
5775
1374
5503
3763
5667
7008
141
1359
3729
2993
498
5135
8758
5264
88
9260
438
7112
7980
8109
8445
4513
8212
6233
7473
5427
6438
9362
4139
3936
5779
5376
1140
7305
405
3614
8965
8785
4417
6546
148
4508
6139
7338
2625
9386
8320
560
4231
101
4411
1778
7048
1444
601
4066
7513
279
1854
4687
7517
6739
2106
5722
1423
1328
3805
3959
5218
7221
6461
5996
9015
8304
8030
3113
6136
8064
8538
6331
2976
112
746
1043
2797
6039
6552
8655
6457
4128
2424
6523
3573
3065
710
8071
5548
3255
4108
7317
189
5995
481
8879
5419
6554
2120
1411
7610
2671
1067
6238
7539
6566
4619
8175
5528
5001
1572
6173
2255
2511
503
7272
7028
6243
2645
6629
5169
2689
781
8325
5698
6143
4828
7017
6428
940
677
3189
6828
154
2077
8140
1312
157
1474
5993
3850
7549
2597
7799
513
7349
3222
2423
9324
3491
8364
5748
3082
8501
5423
1184
6532
3379
4340
6451
6796
1903
5236
8183
180
4424
225
8989
4285
4649
3003
1716
8577
4819
2745
3966
7978
7271
4218
5356
5607
6205
5129
1558
9341
2430
34
388
3185
8542
1422
229
8016
7975
1211
1018
4759
3386
7736
162
7698
6584
354
1954
3551
2529
4245
6838
7901
8876
7077
6087
1238
8559
2785
6794
4562
3613
4761
905
7690
2853
5893
7894
4742
4223
6070
315
5165
5091
2057
365
8803
3136
3036
3681
6525
2036
3952
3151
511
5927
5615
7480
4634
3604
8667
5584
4567
3394
9318
2002
6495
583
7636
5869
613
7342
5341
2538
8484
5804
5914
2273
6010
9350
329
3565
6711
3265
1754
2841
4652
2515
1386
7829
8498
1356
110
8710
4461
8999
3424
6544
7039
9101
3355
5522
8893
3690
3569
8343
334
3991
4541
5941
1721
7563
3947
1686
1012
2961
1093
2382
2944
2546
3411
3079
5811
2201
3579
4770
9072
5796
2162
3785
1156
2909
7059
1455
6088
5613
1424
6274
1744
802
4588
7238
2296
1419
5562
624
5939
8620
2419
8743
6216
903
4886
161
2690
3577
9217
2516
1315
937
8437
5083
619
1294
6227
3230
4440
1355
7134
9279
7747
1520
824
8960
8611
5458
2981
3779
1555
2971
871
3348
5551
4615
6623
7498
8037
6336
5209
6082
4321
3408
8700
3893
611
5652
4152
128
4207
7697
1306
216
9297
6142
8283
1145
8284
4244
2748
7814
8433
2769
1829
5426
4605
1915
866
3434
7667
6192
5534
4548
7420
8764
7414
5385
370
7402
5266
5492
1090
7466
1384
4127
4070
4858
6306
20
6017
5733
5826
2170
4677
4663
7406
6744
3278
1758
3475
4342
6273
8341
4733
5049
3492
8198
219
7285
5578
7977
4818
697
864
3901
3380
2396
4097
8669
5138
6290
1132
369
3422
7388
5007
8957
4187
8199
6434
7930
2087
605
6430
1240
1590
7770
1326
6007
4334
2233
4666
5994
4230
3923
1582
4752
9099
1203
753
6111
3200
6030
6312
6256
41
800
4400
1330
4345
9012
3292
1591
2627
1321
5911
1557
8001
153
1603
7929
9365
2978
4830
5606
550
2886
4234
1046
4220
3984
5889
2835
6948
5126
4009
1892
2677
8400
5487
7465
8046
15
5397
8724
7085
4591
1806
1545
2582
5405
8070
3543
1327
9151
3547
3714
3210
6078
4989
8074
6202
1118
3661
3940
4906
4169
1945
5818
2839
2084
1007
7531
7848
5404
5012
6647
3600
1193
7130
6959
1546
3385
2460
2408
4447
4953
5184
4214
958
8708
706
6350
6661
8051
4032
9200
3540
8798
1380
1966
6671
6834
2197
4011
6141
4760
7974
5182
1450
1163
7015
4734
7150
5594
5928
3463
4431
6827
534
3748
7392
1986
6884
2346
6422
3580
661
8117
4045
7177
5745
1743
6599
3539
3156
3405
5359
3712
7606
3111
7841
2652
5624
2616
8677
29
2942
7124
1057
863
450
7982
2141
205
1182
5446
9000
3578
9009
5539
1456
3932
8910
5815
167
5795
7135
7875
291
7660
6492
80
3234
2610
603
9275
499
6021
3404
7926
8713
5686
6424
2043
4832
554
8912
4210
535
2876
2967
3774
7964
8695
6114
4723
6209
1020
4092
5867
6130
8336
966
6133
8886
2099
8424
2931
501
3795
1477
3759
1994
8936
5464
4212
7775
7769
8120
2096
8546
5136
6282
5300
5118
7347
6824
5160
7971
3656
770
3594
1653
8235
1206
6132
9
778
197
7299
3847
430
4351
8035
978
8562
5525
7781
9338
7632
1149
8653
5831
1793
8058
6842
4766
3842
5529
1980
7678
9054
5943
3668
4071
4166
976
3596
2190
6680
1364
3682
6460
4001
8391
5837
6804
4316
6764
8414
5892
5901
8465
8771
6075
4149
3485
5614
5143
5286
2494
536
1688
8508
4618
8670
6596
4829
177
6259
8835
3214
2257
1230
7815
7094
2334
5868
3628
7006
8170
3890
6540
2771
8567
284
3920
8571
3462
8640
5111
9249
8863
6862
2595
3101
4458
7210
5255
4500
8425
841
7642
4041
8706
4740
5888
5252
127
3141
4707
765
233
7282
4201
3756
252
2833
1376
7066
7655
4967
7995
5840
3025
3707
8930
1906
5589
7098
3004
413
3226
1120
7114
5963
5353
6047
7275
8663
3181
3747
5332
5603
1516
8862
5604
8185
2461
3009
4084
3864
8649
995
7557
194
7592
4008
6672
1071
5749
6094
868
1676
821
4028
9120
5415
5960
60
8775
6449
4282
7518
2119
5581
8913
104
6332
5421
6357
4160
1147
2327
8737
7202
7104
1668
562
2647
2464
7251
8981
670
345
5115
6788
1874
307
5706
5912
7686
2479
886
7393
8206
2863
655
4574
7816
8927
4370
3505
2603
5947
172
6928
1836
4767
1538
2153
28
8049
8652
5193
6493
8447
3107
809
5495
2674
6639
7063
5673
4029
4296
1032
8007
7165
7548
8142
8850
1788
9303
1729
1951
2907
8302
3798
626
3723
3022
1925
977
847
3267
6696
6121
2304
168
6281
960
7623
3591
9006
4491
3866
8243
4920
6407
1734
2607
4356
7351
1780
6778
2800
7185
8090
3103
566
4294
7503
4197
9342
7551
5392
7475
3212
2539
8332
6911
4654
1752
1443
8584
5340
6787
8777
4090
7058
339
4930
5060
4824
8839
2448
4688
5558
3680
6814
3010
5455
6686
7286
7869
2336
6706
214
6476
7075
7792
6539
3205
8082
2555
8316
7979
348
8161
6919
2435
7837
2453
14
1040
6803
9284
1996
2243
6807
5642
8904
3143
7171
2935
2648
6510
6386
7029
4639
23
7483
877
6890
1525
7197
2994
4190
3813
9079
8824
6960
5211
4077
5954
8307
4179
1266
555
8314
7214
2974
5327
1539
538
2758
2923
6286
5625
3837
3358
7911
4958
1523
1453
2846
8616
6488
831
2056
7178
6302
2654
7166
5078
3562
8423
482
6670
7699
9010
2046
8712
1103
8565
27
7579
196
9372
5587
2244
2328
590
8479
7862
5238
2182
5683
6159
9376
7127
5256
3822
4138
6026
1081
5632
6751
8024
8643
4738
6907
3894
6952
5265
1727
5171
1926
1812
5923
7348
7331
7614
3330
678
1999
7654
7430
7605
3415
5806
7026
5387
1415
738
6234
3717
7892
8905
1022
8350
4034
4014
5249
1634
9095
1492
437
2187
3204
5655
7439
4224
5675
2269
6501
3832
8589
6019
4462
2651
5280
317
4727
1878
1933
155
8898
8875
5063
1080
2874
3944
2288
4168
2676
4272
4496
7424
4748
2522
3542
83
2777
9170
3608
2525
3979
3703
290
302
4267
9335
4603
4932
1939
6497
663
84
4274
8729
4470
9358
3679
1753
897
5599
584
8222
2774
3311
7803
332
2838
2394
9103
3859
652
5772
4311
4708
2517
6218
483
7237
7252
665
1862
514
7189
5630
6098
374
185
8473
6379
6345
6722
6668
1095
1133
8929
7091
5723
5413
6118
1595
9336
4877
2780
1561
4923
7301
5096
1263
3484
3806
3364
5507
2123
2129
1350
4623
3971
835
3163
8847
6549
7386
609
7750
7417
623
6626
7755
5576
8606
3201
780
3963
1891
5373
4255
1622
8878
1188
9357
8244
5866
436
3468
1296
5112
6455
9375
8779
7022
1929
2888
1138
2932
700
2041
2682
7043
3781
5120
4939
7089
1414
5183
314
7352
4879
1578
2392
1427
449
1940
8165
2098
1369
2298
210
581
1490
2844
1233
2503
6707
4349
6609
9175
9104
5972
8289
1852
114
6195
3421
4594
5479
8100
9088
1388
7209
9368
997
7436
8805
3153
2472
3110
2672
2684
6016
6898
5742
1092
3423
9143
198
6536
4627
6393
5729
3531
5259
7086
4393
1554
8145
7679
9113
2629
2005
2038
5128
576
3008
8397
1472
8169
4151
6577
7519
460
3561
2550
7415
4026
8086
5490
4062
4418
4556
6008
9347
2431
6417
8759
5277
7721
887
6167
6987
6725
1317
5002
3241
73
3339
8854
7808
5852
9195
992
8671
7050
5153
8276
3629
2754
7568
1480
8742
4643
7490
51
6072
2664
5909
1616
7860
8568
1403
549
1570
120
6363
2095
7836
2579
5657
6437
938
2789
2147
9269
4306
5568
876
277
1434
1872
2612
688
8462
3304
1623
4158
951
8452
8356
4505
3568
4718
9385
686
4195
7673
3872
8262
69
4353
2474
1911
9382
7601
6204
8318
1208
5743
7545
1995
8333
1183
4952
4399
5952
8986
4389
4191
8853
4281
7910
5739
4713
4679
4479
8715
5466
4006
102
7831
7143
5736
1684
1195
8475
4554
2551
303
2581
7867
8961
3517
3124
8094
4724
8884
3786
812
5979
964
3882
2792
2611
8441
383
6771
2507
7259
2549
3879
238
1276
6154
1722
5081
4266
1808
8255
6390
7294
3100
1905
6551
6278
4876
2434
5526
4486
7595
399
6939
4371
7111
901
3897
2728
1955
6662
4239
6287
2982
363
8769
9225
3139
6245
5598
6980
577
3662
3852
1378
7511
8732
2583
6333
7572
7433
1975
1536
2850
7410
1177
3155
6119
8547
4002
4093
9337
618
5644
7834
7761
8627
4134
3288
4307
2811
2018
5700
5791
406
3927
76
6502
7902
2151
7685
8096
283
3509
1533
6746
6664
5918
8816
875
2700
1429
5612
761
6469
5219
2372
1437
2855
144
8392
1083
3223
7999
5822
5036
9273
366
1060
3215
269
7128
5331
2420
2619
7573
7741
5314
5790
7707
1398
759
1432
1062
9130
1599
3367
6263
4969
6420
7706
873
9308
5239
4600
2110
237
5900
4401
3443
6104
2143
2412
4439
2509
2377
3819
5414
6840
5504
3238
1110
6153
2101
8319
6569
5409
7441
6144
2485
5067
2152
1212
2228
5022
7728
4476
4790
454
3281
6013
7457
3295
8095
4882
9302
4988
8197
6564
4376
2468
8072
212
8941
4961
3715
2340
8817
7766
6533
728
3965
5773
1344
9048
3270
2825
986
261
9387
1338
5685
5192
5936
707
165
3912
8716
1563
6635
1833
7399
1556
8012
6701
6353
6630
4449
2933
2054
4326
5100
2125
5315
1630
5608
3685
26
4035
6961
8214
7339
5713
6654
6099
5188
5384
1405
7936
3382
7024
2504
1482
7335
7597
3950
361
685
5582
8642
417
6444
57
96
1291
6945
2666
6691
6485
3848
4060
1352
4836
517
8020
591
3024
1361
5267
8672
4743
1662
4622
5501
357
2857
5626
5367
650
309
4641
8038
6362
9256
7140
3863
1236
397
8059
915
7795
7852
6565
8684
9146
1927
4793
5062
7960
1407
698
9011
2051
9241
3833
4338
4722
7895
7
4825
5674
8177
3598
7787
9041
6074
4085
8514
65
3074
9085
7103
6747
2318
195
8597
7260
6637
8845
7157
86
4525
2315
5756
7090
4273
6774
580
3593
2793
2928
913
2875
5720
3721
3958
9196
1494
885
7146
5618
3563
4384
462
749
6757
9136
7051
2214
5260
8869
5825
2713
3224
3122
2000
8019
2176
8102
3553
957
4929
2407
4159
5699
8481
4335
4651
6665
4717
4903
1672
2111
6199
9278
9083
5876
4956
6874
4079
874
4484
1611
1664
480
378
8730
8705
7370
4550
8945
1471
7674
5258
8347
3438
7264
8490
5537
9036
4757
5634
1919
203
7510
1585
3526
2692
4283
494
8457
772
8947
717
113
4067
792
5694
9106
8602
4621
889
63
1981
9174
199
5027
5617
1771
2750
322
9254
2075
8227
3874
4626
5931
2573
2200
846
2827
1391
3676
7312
4842
8858
4881
265
7739
3019
2903
932
4251
376
4050
3812
2497
3851
7516
9065
1042
7318
5290
3072
7753
8698
8489
5089
2650
4000
3674
5859
7764
4962
5361
3997
2070
2735
7244
3663
7865
1613
1948
872
1568
7843
267
7322
631
6597
5366
1264
1763
8709
8633
4753
9116
4772
1650
5915
1596
7976
2261
304
5897
1099
970
2746
257
8711
6108
8436
4497
4444
2174
3245
3972
2059
6729
4229
8040
5567
1273
2224
8287
7156
1336
7715
3002
6131
9117
2113
2540
7961
4171
7797
8084
335
1143
8939
5234
570
5544
3986
6440
1886
3903
9107
7011
6745
2829
4678
6311
1019
880
3089
7890
1249
1467
3383
8349
6858
8885
6364
6956
4671
6207
1142
5962
4003
6758
6318
1343
4063
7190
7337
6483
442
1690
730
2049
4374
5411
1151
4
300
1800
8047
1059
4061
8182
9097
343
2975
236
62
43
6666
8290
5786
3523
8
3846
6122
226
6927
5355
4310
2658
5416
9268
2808
3042
7571
8453
1446
3
6769
1910
4295
9222
2094
1377
5813
3294
9259
7581
6836
8458
5065
5563
842
7950
1540
78
5168
5358
9292
5200
6998
5393
7506
3118
5177
8136
423
5735
7742
6979
386
8634
2948
8268
9289
3646
5194
1186
2924
8122
9055
6377
3377
9321
805
5871
6784
2530
1187
1114
5864
183
1390
8688
4156
173
4802
3641
3906
3935
2332
4432
8608
6795
4111
5227
6387
2591
319
6120
1598
6433
8371
9008
2753
4749
5812
2209
4344
6740
7454
3571
7913
9257
2488
8540
4804
6660
7578
1726
7900
5691
52
8622
548
7731
974
2045
4982
235
9344
5196
7535
3983
5310
1340
7893
9239
4396
2088
8366
7219
959
1583
2004
8612
771
6815
5469
8518
8678
5516
5098
7195
1924
865
8079
273
30
6378
3069
1360
8776
4661
3686
9096
4860
6943
5434
3454
9219
8818
6547
928
8882
8491
2977
6002
2721
2986
37
2414
5782
4489
1942
4284
8741
8480
2253
1346
4986
6889
7509
2537
3588
9051
7105
2925
152
4924
3337
2385
4787
3820
7292
5360
1301
3645
9237
1066
4373
5154
4036
506
6164
528
3129
7345
7037
6134
3007
1260
2167
6425
7648
3885
3989
3078
364
3264
5653
3945
6888
8647
4506
3515
2317
722
1287
8088
8495
9023
692
899
2542
1278
2590
2310
7821
50
6015
1621
2204
8681
6009
2560
1286
3252
4870
545
484
8444
1091
1476
1719
592
1588
1810
8958
2889
4549
3387
2440
3878
2022
6062
3283
5676
2048
5435
1943
2628
7057
7528
2289
3687
4941
476
4863
3428
9272
5161
488
2381
983
7882
2071
9013
9089
1818
7659
4911
4023
3061
2957
5538
2229
7899
8015
4533
3277
5137
2219
8983
4277
1897
7371
9377
1026
2973
6897
6594
7064
8358
281
5412
8674
7907
5737
7788
7527
2794
5896
5304
2765
7343
5390
3273
523
6091
8707
3552
2326
1202
1299
7583
5073
839
8399
2533
8080
2265
6966
2235
1214
2518
2115
85
6283
7131
5731
914
4746
4113
7577
6381
381
8848
1271
3839
7179
3182
2862
2082
4314
3730
9080
2404
9164
6271
4015
3869
3555
5158
6700
5428
935
8832
2643
4362
1491
3433
718
2500
8849
3057
6215
6984
4391
6268
5945
4926
9234
8638
1830
4116
8996
0
3083
5028
9118
3970
2559
443
5670
7145
4919
1417
5692
193
8421
7992
2369
6321
1339
2947
9169
2331
164
2667
1663
5038
5839
2086
721
5016
7459
6770
4359
9198
8178
911
3045
760
2802
8011
2286
4414
9378
7223
8226
1000
4137
559
989
637
8970
5800
492
7208
3612
3853
6766
4808
4947
9246
1932
2872
7612
7631
3429
6617
9185
7405
7467
740
690
8543
5982
674
578
3127
6929
5661
4477
8231
6567
5486
8733
5573
7692
8310
5328
8891
4530
7591
2013
744
6712
3064
147
1577
209
8864
9288
3388
7314
9092
6976
7858
9059
4515
1331
2940
6555
1139
8745
4514
7137
3603
3876
6089
7881
8092
7912
5056
5372
6845
2039
2878
1542
806
5406
4256
705
6178
3537
5224
3482
9326
6737
4130
1174
6255
4184
2360
7463
9181
5663
3919
373
8575
798
1144
5908
8694
4682
6206
776
4175
7129
8410
1304
7228
7735
7564
7832
3179
6669
6012
477
8808
9057
2410
3312
6578
9177
2637
1710
4951
9356
4422
8367
9137
6459
2691
2715
4540
2258
526
6891
6025
8085
6846
3617
790
6931
5368
1639
5997
5084
7412
7499
5638
2140
3816
3187
3854
3023
5139
6038
7955
6057
4428
5899
825
3116
2429
8340
7777
7628
1466
456
2918
1192
6486
5959
8673
2983
2373
5176
6217
5823
1708
565
6881
4612
8838
5639
1152
547
3119
4193
3481
1412
6600
8233
5873
3557
158
7240
3031
8987
6591
8920
7733
4498
5307
3618
4141
5066
272
2470
1531
2023
4057
5433
6527
8921
5820
4433
3742
3605
1958
4086
5708
8431
4142
7635
8530
1484
5444
1014
1725
8596
2990
6920
7866
9381
7771
3203
5787
5013
8207
4950
9274
6421
7719
4925
5757
3671
5540
3840
7279
2466
6301
3347
8580
3758
7779
8902
5702
4531
2008
1984
2763
7241
5846
2632
3406
4215
696
2044
2370
8239
4308
4570
392
1220
4430
7710
9327
3745
8163
8428
7303
3753
87
6024
7634
2902
7071
5990
1389
2739
4523
6656
7323
6146
2436
2524
8895
9002
6793
3956
2706
2913
8148
4843
7782
7542
1968
9253
468
4121
7313
2351
6530
7359
2834
1985
22
7619
7765
393
6550
7903
8160
1487
6844
8171
8549
8401
1728
813
5819
1787
8563
2371
3653
6581
5801
8342
9351
6866
325
8404
1974
6702
8223
8409
7290
1659
6733
54
8211
5323
4109
7350
3349
6643
5124
2353
4957
4871
1567
1180
5445
6940
4629
719
2523
6642
745
9334
7952
3244
9075
7561
8923
2426
5050
8510
3000
2519
1408
4350
5989
6526
5338
3326
6916
7543
2613
3336
6127
2557
4474
3767
353
6995
567
8753
7159
6174
5654
804
7042
4512
651
1274
7032
2459
1324
4670
2275
347
8014
5583
3340
9131
954
7394
5167
4566
6418
5221
895
4059
2836
3393
2438
2823
3120
6176
1130
5293
1320
5303
8265
3109
6095
7296
3908
3825
7245
8454
4471
6619
5070
1153
4409
3736
556
3403
3720
6450
3907
8461
9187
6512
2602
8330
2322
1764
7327
181
401
5035
5106
6697
7680
2736
1864
3988
758
3439
1277
3054
3891
5023
200
4960
7997
5817
1967
5591
8967
552
5246
6618
4123
8153
6429
4660
8791
3144
1652
4607
3544
447
1013
7696
5297
8443
2309
1907
2809
7227
6682
5336
2458
6783
7442
8398
3978
5442
2562
1137
5509
8029
2532
3018
463
2025
3254
3501
2274
4788
8128
7624
7994
7966
6999
2032
3933
4395
3001
1799
5656
3695
6756
8823
2463
836
1845
7908
6468
848
2501
2316
5208
4358
8881
3188
5717
2860
2138
5104
3913
1858
8098
3532
6808
6419
8499
7012
1696
2050
3366
8866
7191
608
1809
6993
3548
9176
3206
6839
6880
4165
6648
89
6182
9300
3221
1569
3498
6054
898
125
6339
4946
8811
8104
5231
6303
2236
6348
926
5925
8344
5212
7113
4115
4683
1379
2775
495
6797
7857
3296
7079
7256
7074
6201
5668
1493
8107
2917
7585
7932
1666
9025
775
3809
894
465
2496
3213
1097
7375
4694
8057
1150
2122
4117
8097
857
9192
5971
7471
395
4702
1796
3243
811
2270
4087
4810
276
8714
7546
4993
1580
6313
4555
1766
6354
4765
5242
5600
3476
7267
4613
7991
6194
9058
9261
4979
7888
3338
255
720
4934
4452
6267
4010
1159
2955
7469
4849
7188
6779
246
4366
4914
2033
8115
3787
9250
4269
2031
4974
3951
4732
6949
4511
427
8042
5450
8951
2512
2178
9213
4441
1413
2749
990
6690
7521
187
2790
7488
8892
5533
9388
5201
8217
6198
4983
4616
7204
2644
3622
3760
8834
6767
8687
7820
5045
8686
1828
466
1705
6852
5521
6904
7378
6160
8130
6210
1861
2344
920
140
3750
7215
4559
2348
6634
6347
9142
8438
4645
2502
5205
6953
6300
135
6800
803
3478
7839
6380
2444
4089
4741
5688
2768
227
5379
7935
3259
9112
2208
861
1534
1873
3873
2807
7250
4276
8033
3350
7261
5306
9322
3836
9291
2028
36
4644
701
1674
6328
4572
5964
2345
3772
2104
61
7500
8556
3457
3121
5693
3871
8334
6253
6841
6736
8346
4595
5574
7047
1239
2390
782
6504
9371
3289
6066
4369
1213
1786
2960
6416
1963
3807
4822
629
3486
8464
3328
7743
4938
1669
4434
6296
2564
6073
5958
2930
3173
3957
382
6059
6196
7247
6885
5519
732
8384
7745
1256
4940
4633
6346
1936
5585
1269
3595
4587
1255
6705
7263
8144
784
5569
4665
5878
8819
3567
3968
6351
3938
7069
440
4776
2703
3582
5429
3246
2916
5953
575
7942
7206
8266
786
8326
4135
3291
306
5758
1761
7919
3093
1816
428
218
6355
8127
7100
7182
7711
6863
7954
8942
8417
7450
5854
2180
6955
3953
5381
599
3359
610
5125
6329
1801
1004
2486
5590
6366
4074
4346
8121
398
81
4247
4292
8692
5778
3088
35
6406
4238
704
3378
4899
7905
849
2843
8270
3801
7020
5882
7009
8516
8610
4019
5968
337
5827
2226
6994
4692
910
7915
930
7398
3886
3384
6158
9384
234
9191
2646
7201
3657
8156
6506
2287
3104
2066
5173
1770
681
5109
1235
9299
9144
2832
1044
1965
79
9283
6765
8641
2012
7148
1272
5440
8959
6645
7409
5524
7804
8536
8301
5981
7326
2577
6410
7005
879
6275
1978
8257
3170
2921
2160
3220
8609
3066
489
8809
6249
431
1200
7444
2589
24
724
4537
4647
5003
1037
7270
7941
8363
4178
5744
1564
5718
4991
6184
5123
3909
459
8245
5311
1714
3275
5316
7253
1318
7533
766
1124
7600
92
955
2422
5506
8415
1977
3419
8751
3432
5232
1851
8151
1741
5148
355
5494
1541
9056
8896
893
7133
7084
1207
8089
8229
3346
6909
5541
1868
8907
542
5064
8645
4638
4016
2163
7772
1261
764
3789
1656
1107
5102
6721
8006
3474
8525
2578
4884
4412
6781
1870
8023
3142
221
1347
4095
2716
5439
4888
8660
3444
2109
4110
6382
3171
6518
8241
117
4850
6730
3572
6508
9034
6219
7325
7478
5593
3667
6674
4365
6717
5828
8440
8585
6056
2569
5595
1900
3914
2272
2476
5400
7346
4046
3884
6269
8213
3242
6861
42
6835
6439
3592
6616
9162
8298
6521
4299
3775
8526
2900
4053
4780
5746
8527
4778
3868
485
1489
3446
8312
2117
6695
1677
3550
4465
416
972
7609
5195
3887
5678
1745
5532
4114
231
3922
3522
3154
7798
4701
8994
3701
6225
1814
282
6529
2600
8537
757
1112
5011
7859
869
9270
5345
7385
4490
7360
8521
1646
4298
912
531
1792
7319
7993
5220
4487
4394
400
1168
2840
5527
2949
1171
7196
3190
5759
3954
479
2137
7520
3165
6102
8220
9186
8797
6294
2556
1282
8535
7896
7479
4812
1645
340
4435
1158
9313
6973
8952
2483
4705
2868
5378
4313
2707
4406
8624
579
7340
8873
572
7641
1619
2343
5253
6305
8451
8413
7850
4058
4030
4056
3266
9069
7233
919
3005
8842
7653
1697
6280
1146
6786
7419
7491
2053
4463
829
9168
2354
8728
9111
4042
6368
4972
1409
5491
3673
2024
1337
6254
3564
6320
429
3178
4482
600
8050
2251
2563
8748
1410
1842
1543
7575
6857
2085
2069
9063
1322
5389
3302
7229
5934
192
7835
5721
5185
7154
493
8275
3535
1190
640
1837
7849
2442
1896
6435
7617
9293
5364
2776
8317
6478
1341
2877
6531
6200
8938
8045
7776
747
139
3298
2347
2641
116
1433
6157
6116
3015
673
1441
4606
7666
3541
6516
3725
508
9311
3967
6391
1275
4217
8002
6969
4532
5254
3376
4164
6975
6716
3460
6693
5330
8756
5886
8087
4569
5905
7186
7431
3217
7555
2991
2756
6203
6708
5932
878
9110
1027
3525
737
8868
6715
7205
1689
3152
1300
6699
2574
5241
2191
2751
3466
5793
1510
2733
3425
5622
2506
4125
8430
458
4119
6742
5105
5095
4517
8291
4814
3279
5014
3269
6875
8511
1197
1036
3824
5550
7396
5097
9243
1298
7515
1774
4198
8195
58
7418
3418
131
4297
9194
5961
8179
7558
2946
296
5235
2499
6754
2240
7963
5933
699
7904
1665
3726
7126
4181
3323
4410
4731
7616
6409
3827
2770
5114
6316
5270
1692
934
2661
996
1473
8196
7044
3737
2175
3039
68
2281
3857
643
5443
7125
5687
7016
6412
5101
8995
6517
2965
4867
8926
8595
1693
6326
7640
230
6694
7726
2656
6614
5245
1908
4312
8722
4249
4579
1904
6776
7658
2421
3623
8322
3037
8661
5565
3764
1478
4250
7757
715
7949
6123
9001
6719
6277
8544
1072
2
9310
5432
8857
8497
8972
8731
3975
5730
6896
8482
2350
2493
9033
3032
9238
1916
5942
6522
504
6568
3020
321
6724
561
138
5069
2544
3073
2001
2312
8434
7307
3063
5347
2357
1883
1045
6541
4333
2462
6620
5792
5438
2199
1673
7973
620
9203
7946
6942
5740
8158
942
2329
2604
3436
9287
3702
3804
6115
1579
1470
2734
48
3985
5080
3195
106
474
2725
82
2831
6753
1865
5004
3381
8782
5052
9218
9373
5917
668
8911
7273
9073
6068
1877
3169
9074
2941
7502
1660
8365
6481
8146
975
3794
5151
1228
5031
1651
8755
3727
5666
8836
4632
2202
1784
6868
4758
2341
402
2417
773
8685
268
9227
3549
3333
8486
5317
6496
5496
947
6093
2816
2239
3928
9216
1121
3589
4976
2852
8418
4519
588
5707
7762
1134
4360
3962
8180
8734
4467
8512
5396
2998
5046
9215
2169
1077
8569
4398
4844
5133
2804
5830
2847
2383
5602
810
6967
77
3778
4131
7668
8787
7671
1885
9295
2598
1675
4809
2782
3514
7170
9199
5856
7983
7255
3711
5217
1303
3412
5999
3559
1342
2679
7192
1970
7801
3697
1210
3513
6337
1849
3504
7665
7007
5789
2482
4999
2669
2895
8529
380
6542
3472
6823
3028
3746
3228
788
3318
7222
4815
1921
1629
4221
2011
1869
7968
991
6352
8360
305
2822
1691
7725
791
9240
7353
2649
4361
2526
1221
4975
2121
2668
3799
2601
645
1135
4246
8766
4883
4768
1224
6035
3639
9315
7879
5233
4891
7501
3849
3870
981
9022
99
7068
862
2452
2920
669
9360
7922
3497
1354
8329
9233
1701
3035
448
2186
3672
7482
5141
1373
7038
1440
1724
7254
2118
672
4667
1247
7874
6456
3931
3176
7384
6177
8487
5488
8252
539
8256
1366
6755
8539
8429
8359
7373
6330
6761
3458
6790
8928
2634
994
1571
25
5561
1502
7878
4443
2528
8558
3085
8632
520
634
6375
9266
3416
4331
1421
4973
8280
2622
470
326
1803
188
1365
5847
4583
5977
6726
4611
1481
5449
1122
6482
3858
4827
122
1363
1460
1308
5172
8949
5349
359
4873
8574
2731
44
8054
8840
1078
6324
5951
8277
3566
8385
3949
9163
1393
8874
19
6397
2882
1846
6798
2415
1700
7309
7031
278
38
2729
9129
4817
5337
4783
9042
387
5008
8388
3461
533
1576
6933
4472
2007
6625
4838
289
6500
2306
5222
5704
5902
5053
7554
3678
2173
3471
5662
1527
223
4177
1131
6129
2185
1773
3310
2161
5333
3669
5648
3881
3030
3341
3286
7948
1888
658
6014
1311
2277
5851
4325
8976
1889
2030
4021
8474
1017
2308
2766
4047
4784
4078
1844
5848
814
9205
1074
2620
2704
965
47
4163
2471
5130
3131
5833
3459
33
3880
469
9066
7607
7061
6704
9245
6503
2108
4112
3011
6477
2325
7422
6222
1259
8651
2571
9232
4259
703
7390
327
5975
5047
9098
2285
8918
6833
308
409
8249
3538
5929
4948
8852
8735
6186
726
5363
241
8402
2858
3776
4853
3465
9220
628
2653
5075
5225
8036
239
2701
9319
2245
7813
1757
5465
5017
1953
3077
2617
40
5776
2250
8093
2195
7073
9367
6817
6710
8992
6698
1426
4890
2406
8813
2915
3430
1218
9053
1035
6947
680
7538
3500
352
6720
9037
1215
6627
639
7172
6149
263
2339
1076
8476
8272
7738
4080
6028
6598
1695
9150
8603
2615
1797
5922
9353
7967
5086
7203
9366
3297
2019
7344
6310
8699
3556
379
3096
3106
7481
6937
3545
1425
2854
7493
5116
3755
9183
5937
8119
6061
262
5230
497
6011
1351
5339
8483
5863
1068
7225
8279
5394
9070
2887
1323
6615
5370
5325
4456
3649
925
8566
9019
1209
7093
7235
8238
7421
6239
1154
5783
1039
6822
6293
3784
3105
9229
2249
5682
3138
5453
5557
3644
3417
2172
3038
3780
9359
8736
4492
2884
5621
6117
2368
1185
8154
7965
1735
7216
9276
918
9093
1280
2788
7863
5213
3353
2954
3272
573
4420
5940
3865
105
1268
7308
2216
5570
5572
7062
2072
7943
1820
3317
4136
8975
8903
310
8101
4481
4339
8867
541
8962
7681
8043
1937
5403
1989
8258
2897
6732
1010
2926
6515
8513
4596
5273
807
4065
6528
5555
4803
5727
6825
6582
2781
858
2639
3937
1913
7944
6229
1917
3630
8971
4775
1528
5559
7825
2222
2572
4044
4710
3529
900
2303
5865
3533
881
4861
7428
3372
5187
9202
5044
3503
8099
3307
1573
2718
8519
7565
1887
9127
6220
664
6443
3700
1172
2558
7851
3528
6922
8018
6652
425
7970
7717
1565
6109
4949
8166
2828
9380
602
1454
7953
4739
4869
1730
5447
9304
4381
91
832
7136
8982
5970
8617
4124
7550
4690
3086
6850
1372
7752
3611
5117
9184
6475
4140
6414
1815
712
5174
4257
5462
4473
4450
9298
7524
6307
5382
1782
4022
1191
2675
6448
4192
4686
6179
7853
3305
8629
3331
9231
7760
571
6084
45
4072
3705
3271
1231
6900
9158
8940
7065
8509
6462
5641
1517
3351
9242
924
679
4407
587
1779
6588
4642
9210
6667
7729
8901
7645
4987
1430
3396
6152
4539
4403
8339
3126
8555
3442
2267
4240
408
5696
7429
4104
8403
3452
3315
2901
2784
4162
667
2136
420
5904
6191
1381
5407
7300
8381
55
8943
563
1244
6097
8267
3520
2584
6982
8793
2280
5616
2374
4578
8411
5920
4289
9379
4330
3910
2006
7512
1464
1070
2465
4545
1241
318
1824
7627
6413
691
404
6046
4099
9028
6877
6613
491
4348
6573
1006
2864
1670
5646
6138
4073
6034
7152
8639
4840
7155
519
475
6819
8810
6849
9235
9108
709
2324
2491
8355
9189
5284
5894
9081
2218
540
5769
3995
8123
5202
5329
415
3955
6580
7570
4147
1105
7559
5163
5505
8225
7933
5751
4714
3306
1125
8554
3375
4795
7505
7122
8757
7355
2247
512
8628
4302
1594
9148
4317
6738
648
6155
7158
4027
8455
2956
8573
7283
280
7076
1521
7957
8460
9086
1548
5057
2241
1075
6944
7095
6728
9354
6427
3090
3180
1362
6641
5669
368
1560
7676
1742
244
4834
5913
8321
8954
5547
3802
3052
4662
3828
4798
7861
8432
5956
2665
4357
1117
9109
9340
3208
3147
6343
7147
5738
5881
5094
1252
3620
4636
7724
4343
8657
3835
9141
3134
6041
8781
8594
4309
1084
1519
8187
1783
7842
5511
7281
7423
2311
5076
8871
1387
6261
8419
1971
7695
8150
1894
2016
8390
922
4213
6499
8507
8894
136
