8009
5648
3815
917
5723
4449
3190
6765
6054
4092
1976
2548
3573
2125
736
3197
8864
6170
5044
3454
6020
5565
6550
40
5222
5115
4133
7460
2677
3937
5941
1192
7855
7156
7312
1384
2635
5217
3214
209
8867
5234
6215
59
3394
1921
8133
1605
5677
416
2048
973
8695
5435
5956
7718
8888
9001
1779
436
5805
4079
8497
3773
4138
6261
6195
2111
7586
4341
3191
1059
3116
8534
7812
1827
5496
2306
6934
3012
1855
1674
755
5117
6254
8187
3300
8683
4388
9015
4642
3828
4121
4333
968
6806
8500
8334
8775
3086
8272
6368
6298
166
2233
2787
4067
8067
4894
7467
1991
8877
4134
2440
9156
4219
7352
1790
1421
2952
5915
8448
7057
8069
7296
6381
4347
2583
55
8667
6648
3231
7184
4041
4086
9153
1429
5041
8514
2399
7679
8950
2596
6912
1127
8565
4283
227
2221
1651
8628
4216
9341
8840
967
4812
9368
1560
4202
6468
1295
5451
3724
7323
8476
2821
110
8863
5626
954
8452
889
8046
8350
8214
1275
2300
6927
3453
8597
2647
4119
3539
8728
3182
1781
3754
570
8528
4654
3624
8232
6178
7625
6700
6451
8336
3623
3048
9009
2795
1644
8813
4906
1456
2918
2058
3174
3770
4581
8068
2391
5249
8801
4563
8086
8219
6345
6969
5651
5042
1265
1761
8633
1734
4182
600
2073
4579
6346
2630
3496
4803
4484
1100
4299
2386
2301
6124
6716
8764
1799
1562
7279
8891
383
7823
4492
7850
3646
7436
7585
5475
858
6980
8899
8547
4788
8179
854
6485
8622
5220
7434
4469
1312
6643
8154
8761
1788
7770
5769
8117
1558
5837
1491
4980
9228
1908
6456
5229
1298
9300
7495
4544
7216
7989
9059
3166
1143
7008
4105
5566
4869
2790
7291
164
3140
6588
6048
7612
2044
5862
258
1697
1841
2606
312
5957
2766
8933
4504
3003
3295
5253
7841
4204
9342
3458
6450
5342
3329
2927
3949
6931
8949
4543
9196
4359
5407
5458
682
7430
8019
1725
8660
1660
2601
2313
5662
6220
2717
8341
3408
6119
5000
1061
2944
3672
1523
4328
2342
2402
4209
3750
2633
3627
2302
1072
6876
405
6193
4250
6944
2966
3795
7715
3975
1115
7689
2123
1536
8453
2988
7594
6455
6127
115
2167
1969
7335
2172
8076
6471
1412
3477
1045
1527
1610
5202
5593
5362
5097
3785
2351
1431
8455
4770
2841
783
3778
8089
1322
1871
6340
6594
90
2096
1259
6761
6090
3471
20
2430
1080
3455
848
5617
5416
505
7201
9129
4062
815
5280
4580
7466
1109
8070
5902
5670
9113
3077
9182
3676
5661
8666
5756
6334
8559
5632
4808
1375
7947
4234
3667
9043
5833
4972
2860
4612
7763
2584
6488
402
7431
4795
1164
3869
2506
6967
218
8860
5491
8140
2446
4853
971
7179
7128
6122
5276
1472
5441
4557
2804
5004
6781
1708
7022
154
385
2274
2151
7741
2825
4592
1958
2468
9375
8537
6537
4080
2083
9136
6306
8148
8812
2223
7884
2288
7477
7169
2203
4927
452
5103
8302
1172
6400
1015
3803
1656
4806
7297
4649
4506
2217
3451
3684
4336
2611
8249
4078
4467
3748
3111
6401
1658
4639
6546
8552
1648
2441
7303
7949
3955
537
7517
6881
1878
3933
7267
1632
8625
1681
806
5586
4036
7263
2281
4785
1649
539
8520
7266
1468
2589
2152
7355
5006
5575
387
6974
4211
284
6584
6460
1446
7790
2835
2951
5643
4054
8496
8194
5481
6637
6181
5736
3064
2602
395
4049
5580
8285
824
4143
1202
4311
4757
8511
7048
7322
4480
6932
9166
6144
3702
8235
3345
4307
4629
8756
3336
5840
685
6859
3091
3131
4396
575
608
9064
8169
6457
3878
1709
286
7073
7637
3787
675
2222
8433
21
6723
6950
5718
1270
1175
5783
3602
756
2199
433
2081
9089
3825
2849
494
7933
694
6021
8843
8102
8510
1212
7904
4813
6234
9343
6827
5514
1373
6756
8308
6336
8397
3028
2955
4350
460
146
7736
2958
7167
6159
5125
2936
8580
6620
1586
1297
418
5010
3180
7345
9338
6086
2098
1786
6373
6125
1455
1329
844
4195
5678
9257
8233
9163
5123
6874
8795
2099
692
3411
4386
4318
9107
3493
4335
974
1425
2251
3619
6783
4375
6429
1539
7339
915
5332
1627
7710
69
3783
8785
5511
7716
1139
8193
307
4683
3560
1846
7457
1474
6995
4835
2752
5687
6810
3920
1402
6864
4827
5433
8282
8805
5562
5637
7100
1117
99
4268
7039
2930
7888
145
275
5351
3987
4698
5559
7867
2068
964
7894
9193
2398
535
9194
2085
1133
6936
1927
6417
8472
8921
8380
3973
1179
5283
7667
4477
8147
1158
1013
8708
6623
6837
160
1732
409
9123
3326
8084
6447
139
8002
7930
3440
1543
3503
7096
6639
6264
6613
1602
7866
3716
2150
8305
5907
3568
3246
19
5796
7321
7897
2560
980
3413
1910
9331
642
1993
7978
1769
2445
464
4264
2723
5394
7340
1049
6659
4810
7505
7928
5111
5540
8079
7926
4156
7253
5405
5546
6435
2452
4301
7284
914
2149
4403
1073
2555
6592
486
8792
1441
3203
4271
3034
4292
7354
7684
3794
5968
734
8612
1879
801
8213
8340
4947
2812
5035
6793
5266
6263
1909
8637
3759
1452
3666
2769
6749
419
1442
196
8348
8563
1342
5074
5975
7325
9174
6998
6812
8142
3617
7819
7676
8743
2941
5149
2393
2800
9297
3377
346
8166
2325
5411
237
9266
841
7123
4372
7967
7231
4187
271
103
9348
9311
4020
2131
192
5207
4287
9086
2154
2498
93
2122
3808
9142
427
6500
8555
7151
2317
4277
8257
1891
4589
303
5282
559
393
6652
7825
5007
1137
7571
3371
5741
4349
9372
577
2993
4633
6146
9316
5658
533
774
3054
6390
3906
469
5940
8895
8602
8653
4899
8986
8034
6222
7255
3255
6107
2136
8291
2297
8239
121
8094
8040
1748
6024
1284
4060
1009
1053
6947
1058
1940
5374
4552
5967
6408
5061
150
6528
5699
6970
6949
4875
2360
7013
122
2514
5177
7873
1795
135
1599
2061
6509
3705
6721
2867
1724
3279
598
4479
5906
5920
3001
7721
7847
481
8088
3721
1974
7241
7698
7381
2188
4625
7133
5383
9332
2031
6726
3281
791
7402
8960
8689
5660
131
8632
9077
8259
1573
8061
3682
2128
2569
5291
2053
3500
8155
455
2457
7334
7196
2118
863
6882
6600
8914
3305
5710
5903
8
4410
7896
6547
6701
8413
461
4921
8718
8018
1025
8210
5014
9278
6849
1146
568
8701
1818
6027
6112
5191
8434
7316
1348
9265
1710
4470
8056
6143
4616
5748
7535
6018
2851
8000
8139
975
2165
4026
5788
3254
6360
5233
5078
6564
4695
3315
8327
5818
569
4355
5114
3228
1653
2323
8283
4714
4605
3661
830
5490
7507
3432
1902
3739
5259
2745
5591
5813
4411
4792
7042
3558
6064
8082
3963
6763
2277
222
6201
2357
4828
4737
1582
8985
847
4401
8668
9010
534
8655
749
2484
3184
8217
8696
4439
4926
5211
9101
3550
7483
4228
64
1844
149
742
6770
3711
743
5063
5702
8739
8208
3537
4457
3385
3234
4493
4257
6238
9040
2010
4688
5067
8286
7613
5839
3636
6172
6964
3669
6561
3712
738
7917
8713
3119
5323
1420
1314
4456
4611
1635
2436
9042
2090
3219
970
3556
9285
2200
5776
6439
5068
2550
4931
4302
1675
3144
7239
1954
3688
7473
8910
2220
2496
4499
3935
7614
7108
299
1131
8798
7240
6923
4524
1505
8167
8240
2147
4922
7830
1374
3335
1467
7178
4404
8526
5081
2157
3579
8803
658
3462
9097
4665
985
1603
1149
8503
2369
2572
1998
3737
8907
5692
8269
9049
4542
2076
3652
423
8024
1486
4666
195
3858
4811
7110
1752
8435
2435
8317
6391
8493
3179
8814
6863
5931
1222
7338
3547
9362
9387
4150
320
4838
5052
5598
6204
62
4261
6736
9335
6565
3822
8436
8859
8412
1130
3352
1397
295
2503
5473
586
4247
1701
3202
3549
4759
8298
102
6668
2382
2261
5089
8445
7578
458
4215
7584
1263
2597
8318
1680
7750
3498
5667
6868
2495
1256
5366
3593
382
4103
9255
3049
6683
6115
1036
1714
4920
444
3173
9284
2348
5638
2607
211
9217
6474
230
9189
1041
7579
7249
8548
8376
762
2052
3364
3819
6130
2456
1716
2522
8918
571
2846
2087
8619
3285
4555
605
4152
319
5062
2432
8182
602
7143
6482
6454
8902
8110
134
5196
104
4162
8099
4130
4756
9188
2959
5883
6394
8491
4667
1007
6357
8648
8424
2205
5644
2470
3968
5051
4441
2696
9211
8381
6992
6616
4963
204
802
3311
561
3332
1507
6380
3665
5424
3250
7465
68
6006
353
2678
3956
3188
8212
3745
5162
5349
5289
5602
8828
5781
2527
4993
716
6049
3195
9336
8717
1432
2806
3099
7246
3443
686
3689
7529
5377
4201
8636
610
8856
8222
5272
7385
5631
3922
246
5409
5918
5952
6231
5537
6189
6788
1324
3344
6089
4322
4057
4760
6103
3057
214
9170
3245
7257
5558
4208
1570
4534
5754
5578
373
3331
4636
7990
2408
7611
2148
190
1416
1997
9209
5738
4253
1037
5414
7411
1875
3409
3071
4874
5972
5235
1859
2724
3062
1880
7797
5393
1484
4628
5900
5695
4832
6555
7081
3146
4230
4509
5656
9307
1833
7268
1519
8093
5313
371
6938
2614
4723
1722
5927
2815
690
1762
5317
7183
9256
7021
2772
1030
7791
9243
790
7729
7946
9006
4224
4916
1151
8252
7656
4420
4772
5914
8983
4782
3284
5460
4768
1224
87
5953
7037
8974
8773
1498
1516
5715
7099
4363
7665
1741
5887
3156
1772
7703
3106
6219
6151
2381
3486
467
8105
2739
7360
5071
6075
6375
162
8732
1236
1639
4095
1765
8688
2179
2268
5819
4131
5449
3060
3722
1650
4936
4970
406
6586
969
2660
707
3137
7230
511
3073
6316
6257
8961
2030
3448
8374
7366
6536
8049
7283
7526
9055
6276
5676
6754
6057
668
8645
85
7000
4675
9057
4839
2322
4815
3707
2997
1963
6291
7389
8576
341
4909
7154
3163
2783
2640
1895
4320
2792
8546
6260
8630
4425
866
861
3374
9371
3653
3867
2473
1715
8766
3169
1682
3319
1123
1239
5240
9149
1666
1132
2701
582
5998
403
6853
7875
648
6627
2577
3484
3890
2949
8006
799
860
7832
7023
1066
277
6681
7289
8810
1136
2368
6558
6117
5713
1918
4503
9185
3866
6733
528
5703
1071
4426
9117
2515
2016
6041
6496
308
4618
3330
8287
7537
7950
106
79
9298
515
8499
5478
3037
1853
4313
9340
4196
3842
456
2948
3350
2465
8344
3931
4860
1063
9137
6852
3134
8022
4923
3217
8571
253
6985
6968
339
8608
2935
2763
2845
7720
3216
52
5835
4399
6582
4013
2789
3508
698
5634
6624
6596
8651
5146
6217
7621
812
220
4669
7331
7427
8052
7864
2492
4763
895
9248
8939
2266
1424
2379
9075
4558
4001
207
4824
7617
48
3938
1067
7567
7273
1604
4170
8512
7726
6111
5048
8043
3006
972
6386
6663
6072
1087
2438
4572
5104
8468
4175
3212
1860
7211
8295
3289
4949
4124
2990
4376
4590
7842
1018
28
804
2169
9161
5188
4074
5589
7304
8768
328
6957
9249
9356
391
5772
336
2788
7783
268
8415
5963
8464
7573
2308
8014
3200
2648
5131
8057
7405
5270
7444
7921
6635
1262
6342
4525
9386
8615
1930
2056
5523
2
3126
4491
9144
5328
7704
6229
2311
5910
2628
4205
1282
9000
1409
1103
8357
7551
4395
2748
6158
6022
6338
1235
2022
1470
4276
1995
9334
6068
6259
61
2641
6085
462
5386
7369
2025
501
5896
715
7332
6047
3572
2105
1986
1347
9134
8008
1217
6677
1719
1677
7753
7863
6305
1601
5653
8065
6734
8900
5429
6168
5955
8108
770
8760
3614
8553
4546
6365
3910
3919
1462
7576
2594
7117
3540
2586
2345
3751
1341
4413
898
5603
4327
1276
579
4776
2174
2750
369
2720
2088
4366
8118
3233
2924
9374
8121
8087
6840
3033
7694
1738
4540
940
7026
1112
6920
4670
331
3264
1305
8592
8782
1028
5124
6147
5265
1694
5515
5203
9126
8820
1027
7886
3962
1205
4243
357
4982
3013
4072
8184
1367
1449
1816
5944
8460
7404
6108
6308
882
8875
8462
2019
1120
4526
2000
9109
8967
1016
6301
8631
5228
4871
6913
3911
394
8587
712
6446
3039
1810
177
6603
8873
3945
5831
2517
3905
9310
5057
5679
1521
8618
6463
7599
2295
6595
704
631
6023
8904
3635
254
6959
2433
6088
2298
1477
8665
4393
4842
1387
57
3846
7083
2634
4892
4022
4802
6684
492
7359
7428
8723
2980
300
4762
3492
4023
5749
345
4460
5552
7580
595
2419
1485
7911
2862
3100
2075
3630
9301
6236
6909
2043
7591
7330
5286
4992
1574
7223
2401
8519
2390
4873
3132
9088
1501
6164
892
1877
1508
1758
583
7635
8454
1629
1870
6866
3384
7838
4415
7907
7280
3491
411
3109
7872
8050
7301
1208
5438
6682
2215
6535
276
206
4977
8168
8073
5120
679
4249
834
5533
6366
2045
4746
1537
1245
6610
7513
6717
8780
4686
7633
5183
1246
1667
2928
7834
6554
4840
9240
8551
6212
9252
5899
2184
4643
8315
2827
3582
6503
6825
3102
3916
6590
5925
2554
6990
6615
581
6719
1743
8606
7538
4139
8624
3930
70
4075
484
3149
1744
8320
6241
2605
5119
4855
3673
335
7160
4155
5296
7958
8202
7553
8177
2469
8442
6243
4774
6431
8767
293
2103
495
1729
4547
6928
9128
3445
5707
594
578
6101
5520
5599
5751
7624
5734
5399
8557
352
3763
5198
5493
8740
7655
3833
514
1778
9116
5200
8681
3835
3112
8868
6829
4154
6988
5194
6191
4952
7012
538
7982
1585
4554
8634
6131
6114
8005
4367
1578
3966
7548
836
2208
7570
630
3499
408
4744
2919
9237
2082
7979
3211
7501
7767
1106
193
4903
5700
1196
6933
3489
7368
5848
6370
957
9061
8702
3613
7204
7092
3058
1299
9254
2593
9287
248
566
5787
8733
4941
3530
6614
6100
5464
6809
5935
2712
1260
4876
1062
333
8938
7506
3697
8508
1084
1244
618
2336
5303
8025
399
7213
5288
2779
8586
4973
322
1856
7003
7470
7582
3989
9330
186
653
4957
8461
1364
1780
4829
9281
6670
3136
8994
8244
2664
8273
7271
6680
39
6200
1126
7152
9150
9358
2848
5716
622
4400
5961
5324
1704
8821
5991
3096
3957
1288
1098
6174
6900
3603
8137
278
2033
1079
7141
994
6879
5519
8059
8422
216
6711
6895
5121
3951
5828
4010
2542
3278
5535
7799
7786
5243
5615
2244
2447
1713
751
7157
6304
1608
6239
9146
639
4112
8278
4298
5297
414
4797
2114
3241
2137
2055
2770
8365
8372
2303
7809
2730
3779
5423
2126
6869
6110
7849
5008
763
3412
1966
1937
2329
5126
9293
900
2734
4888
3312
7814
997
426
4476
6785
5976
8830
5726
6153
2657
5301
8364
2859
3194
4560
4799
8440
4344
6337
8480
4627
4104
350
2623
3107
2489
8201
9054
8979
5815
845
2765
9096
8968
3768
1488
1135
8582
5557
1835
1683
3337
7918
7056
2407
7379
7935
8368
7206
2682
5047
670
8304
6625
2923
5817
7709
3985
2738
6921
7305
2228
8850
8642
291
5312
2507
8692
7795
200
7125
2902
1663
1848
8051
2603
1913
4904
2287
5029
7313
5755
2282
5809
7934
6608
2293
1119
2562
4428
1945
46
995
7299
7383
3485
7412
8623
5547
7077
4988
7459
43
5997
4502
988
35
2258
5058
4578
6841
1258
8581
7036
6804
2822
2232
8772
8578
8316
7028
5248
8789
2894
5524
513
8562
6282
1403
9012
2557
843
4430
6591
3380
7607
8736
4000
9201
2697
198
1168
3853
8885
6061
1361
2013
5696
5884
7627
3733
9290
6145
5285
8644
7913
6318
993
2225
4728
41
5020
2036
3902
6618
1611
5528
5521
4168
5227
9181
2491
3990
4610
3474
2896
8896
4310
9192
3258
2283
6275
6649
1289
8124
7171
8862
4317
1267
355
8032
7353
7278
2963
3940
2133
4122
8281
5721
450
8922
8197
719
1800
9035
574
2797
332
961
4213
9286
1905
3426
4100
9220
5704
2100
2426
979
9364
5236
5046
3183
1678
8639
6013
8640
9171
6371
8467
6902
500
98
6244
7502
337
2579
7975
5136
8338
354
2564
628
3164
165
8164
5345
9235
1277
2001
1081
6081
5757
6173
4034
1865
6782
8352
443
3758
8010
2186
7462
4586
1776
6690
5765
4434
4379
3642
3872
8504
2809
4042
1272
1231
2668
2525
6412
5675
4424
5510
7228
3674
7367
4151
4417
265
2377
7438
9206
3098
1390
1022
2898
2636
6971
3466
3490
2077
5256
3895
9024
5820
3286
8966
4248
2466
5360
4385
1215
7222
3696
7962
800
4096
5445
7442
5141
593
2163
377
1369
3120
2356
4510
3392
9294
3521
13
3960
6062
7851
6977
5422
572
156
5338
3079
6805
3225
7062
6177
5186
5770
4562
8163
1564
9288
440
1965
4971
7095
2121
3226
603
2715
646
5652
5480
2316
4108
1579
8730
2204
7973
1522
5639
1308
4761
5871
9184
1955
5140
1197
9207
8842
3622
611
7909
7523
2444
1032
7493
3193
7469
8390
4081
1225
7498
2070
1698
2037
4539
3381
2483
7342
3348
2650
1496
1201
873
857
7486
6965
927
5201
1802
4059
4406
1303
2819
3882
8670
4140
2755
4596
5775
764
11
7561
5795
6696
3502
4657
2758
119
6393
5166
9312
169
8221
8406
6739
3639
2808
776
362
5826
5413
9327
2262
4370
4296
7880
864
6156
7248
5468
4862
7372
5143
4019
789
1494
2422
8849
7409
1184
6038
681
6878
3218
5173
1499
2095
5659
613
6694
9060
2404
5683
3101
1616
4709
6654
4158
6192
6776
7371
3365
3333
6689
7565
3459
7147
159
1717
5309
3516
4451
1398
3468
5494
2326
7670
7126
6910
3376
6925
2241
9094
1410
4918
4937
5774
2049
7968
7951
2338
3700
3881
4962
1338
5326
8940
381
5242
701
8465
4946
5686
5392
4494
8157
8925
3075
7807
3729
5753
3460
3744
2794
880
6775
2652
5600
8763
8421
231
6293
4624
4325
5827
86
2451
9005
2005
554
3948
3743
1214
1685
2875
9382
5154
2704
7361
7400
7862
7664
7199
5836
8023
6505
8475
9367
4305
5347
6894
8815
2175
7150
8446
8048
7302
2226
8373
7300
697
5548
4270
8404
6880
2437
3609
8325
6351
4567
3888
8928
4730
2718
6674
2818
9002
3836
3067
810
3251
6892
266
3873
140
1621
2551
8506
7132
8539
1188
4975
2707
3074
5978
4861
7511
9378
3909
6266
4645
5432
4517
1144
223
365
6037
244
4008
3388
2383
2248
6134
8242
8293
4561
3121
126
4260
4549
8487
3997
6082
9328
3019
908
7449
9016
1363
8417
8770
2736
1211
9148
7097
4028
3789
4029
739
7597
2890
1428
8071
7977
8607
5948
8886
4703
1811
5990
5655
589
9124
7103
938
5428
1583
2965
2094
8817
8227
632
1783
6245
5608
5208
3317
3446
3596
665
8098
2933
4346
3659
5219
6771
2346
1544
9267
2138
3647
8848
9226
1552
8515
1451
4836
6251
6154
53
1774
4263
7545
1730
775
9321
7285
4787
2954
3209
8176
4822
296
3327
80
3923
4945
7609
748
5974
8598
2729
7076
6914
5881
6527
2658
9092
4407
17
7086
4569
531
8474
2487
2810
1487
7518
1242
2992
912
7663
3829
2214
3555
9384
8488
6641
8420
9081
7061
3038
6514
5960
1414
9279
2380
3118
3591
4142
8999
7775
8786
3292
5855
660
869
7226
4475
8605
2521
3626
2702
2264
5668
5212
6001
1104
6830
1051
1352
7429
5092
290
3912
8909
8533
7840
2237
4238
998
1360
1294
544
8100
6187
2213
5118
1465
5560
8411
2144
6752
7488
8055
1828
5294
4282
4706
8965
432
4995
536
9323
2339
5487
7549
2774
1503
2680
8367
2159
6665
4660
9377
4847
3741
3133
3781
3548
5893
4002
1221
5794
489
1083
7251
4623
5179
6077
3971
6303
3083
8335
9309
1056
318
7127
3260
2908
7200
7883
5694
6235
6621
7487
625
1306
2413
9078
4437
3641
4538
5985
3534
9264
4938
8215
7871
7527
1699
7451
1086
7362
4256
8620
3786
6940
363
982
3452
1085
7889
5209
7014
8173
597
1186
9303
5929
984
3419
2354
9202
5148
6577
6917
1121
7170
4724
465
5479
3994
7162
1946
1592
7024
5065
7217
8062
7464
6560
1020
4374
2978
3167
3576
1982
7914
6513
2563
6476
7416
8141
4084
2289
2488
5610
7468
4880
3720
5446
5128
4118
2460
5697
7111
8712
3290
4994
4864
2767
4704
2327
792
1052
1370
1916
5101
2462
2595
3325
7045
4685
944
2145
1489
6292
6078
6031
7826
3908
6692
8762
7854
2637
7961
8007
782
7936
6523
2585
7252
7660
3065
5091
3026
4365
3650
4928
7314
3742
8976
4594
6578
3679
6709
3517
4178
15
9026
1471
2986
9090
9106
6273
1893
1549
3457
907
1566
7220
6445
948
3356
5979
6687
2177
7766
9062
1763
4464
3357
4513
3223
7115
8942
4631
8754
37
5069
4692
3127
4334
424
4348
7952
7619
7757
5216
6320
257
392
7198
4453
4794
2231
6389
9370
8280
714
2212
9112
1206
6780
5669
1014
3186
4778
6483
49
1647
7792
4854
174
5609
6188
6359
3690
4607
5731
1304
8309
3441
4308
3253
7944
6760
2805
8292
3885
5551
7788
2823
3343
2705
2850
4726
5093
488
3354
5588
482
1371
2278
3991
6619
6532
3050
5036
7998
3518
5798
3141
8566
2129
6473
1553
6268
6836
6253
7425
555
7420
7657
7739
9344
4541
6862
1445
3907
7105
1183
4796
7696
33
4304
5614
9210
3417
1805
8224
2218
7955
5646
6789
6302
6846
2253
5561
3342
6779
6979
435
5622
5526
4255
8389
1336
8751
8085
4309
617
1237
413
3820
1463
2160
6899
7772
2480
173
370
7776
3710
330
4147
6710
7530
8731
9118
8711
4033
7159
9066
6325
9045
4145
4289
7122
6843
83
191
7647
8228
989
8883
1001
7630
9219
5545
870
5674
6327
4814
3032
5999
6102
2711
4857
6744
7996
7895
8954
2999
3848
5992
483
210
2089
4295
1395
4141
4990
5325
8853
2106
334
5299
404
8225
3323
6250
2679
4648
4014
6856
5684
2481
272
5300
6262
604
2887
5845
1035
1321
5905
5171
366
7256
3594
3512
3970
8593
6973
1090
2907
9003
2210
7130
2834
6116
2716
7903
7351
2786
8029
3275
6224
6398
7225
96
5882
8469
3811
42
6855
7060
4290
4252
6515
3755
7084
6562
7719
4997
6258
5447
6901
7135
629
6887
1515
2355
7005
6815
1177
8679
1883
6865
3304
3566
4488
7572
3605
2961
2180
8747
5381
442
4738
6453
9282
5689
3891
7995
2029
960
1634
678
9345
4300
1831
5318
2995
1266
8664
7145
4678
2201
565
2709
606
2104
2202
3692
6703
3353
5698
459
6981
3280
1210
5287
2113
4953
8429
3272
846
1110
2599
5346
7106
7174
5147
4591
1936
3861
1355
3899
6568
9317
213
7963
609
4422
1434
3478
6335
5199
4537
3321
5834
7541
5333
4340
6377
7858
2643
1596
6854
3875
2870
1551
2728
374
6137
3082
7836
7104
9130
1826
4129
92
1195
5921
7534
7394
6497
8721
8092
8599
8898
1524
4274
6056
8457
2108
2900
7662
5958
7713
8438
8741
7519
136
302
1770
1857
6545
2024
7472
7932
4917
2962
7574
2556
4191
3051
113
4485
621
5169
9132
1547
3772
923
9247
8331
8778
5763
1989
4161
3192
3860
8038
2012
1614
5949
5912
5587
6123
6205
8288
4640
3171
8482
5945
8162
779
6501
23
5933
1847
7697
3205
5873
4819
6326
262
8236
5542
2416
3918
2886
3620
5841
8053
2093
4226
1411
5389
4575
485
3465
5930
6524
1280
7751
8254
2654
1972
7778
6272
8774
6602
7991
2743
2412
8396
918
7515
9357
183
700
2905
1929
4025
6270
1888
4727
9084
1633
3574
9007
4465
6807
8216
2587
3341
415
9140
2649
7274
7600
6573
1919
7686
654
7114
152
8826
438
5384
3021
6283
100
2198
6225
3590
8969
6247
6105
5517
956
6434
1140
3671
1296
8650
2344
4056
7940
8204
3522
6575
4564
1563
1181
4978
2619
2903
1068
5165
8470
5257
2385
4834
5161
4058
4063
7137
5410
5130
5137
44
2038
7269
1383
2773
9141
3153
8841
3247
7954
2009
2888
4387
7180
5009
1575
1004
3601
7601
3570
2934
179
9125
3993
7035
2688
1899
5031
7683
8015
7980
8501
929
3078
5474
6824
7396
4044
7956
1767
4200
3796
6679
7187
8416
430
5355
7604
1433
8866
137
1785
987
6850
6428
8516
8657
4232
256
905
5924
4419
5470
7509
5138
2389
1229
288
6183
8161
8765
2192
3024
3701
7452
2873
4887
2042
6350
7762
36
9095
5735
2904
6207
6211
6518
7186
6576
8833
856
7793
8237
8188
902
2252
8471
8542
1134
5225
7516
7346
5016
5406
8647
2973
6010
101
7142
4877
2518
6802
8080
1956
3414
4901
2490
5842
7
4288
1952
1008
2352
1693
1479
8255
3934
1917
3529
6278
8106
2376
9037
8199
508
463
507
6084
8614
1943
4682
2458
8963
4148
4462
5727
1427
1344
8808
7740
5327
6955
1619
3143
148
1747
1368
4501
6489
2358
5995
3379
8021
9
5195
2229
2443
5017
2932
4065
1418
247
596
5849
2394
2879
4233
3351
6954
2719
4068
2475
9033
3080
2538
9275
767
6937
8284
6227
6516
1904
6875
3610
4825
2505
7540
6642
4031
5488
2985
1662
8369
688
1142
6163
8835
8758
2629
7602
84
3244
1728
1540
6699
963
3621
6958
1926
3988
928
4408
6404
2418
6872
1749
3476
4391
10
8629
274
7707
4721
8715
5621
2897
1777
1757
4159
6507
3450
3314
2060
3288
853
6343
2744
2853
3472
7480
7985
108
4326
5151
8246
3581
5556
4123
2639
8030
8260
8930
5100
1771
3324
1600
4174
8523
7712
3052
2442
3837
1886
3660
7748
7063
6297
1876
4337
4910
5251
1155
2940
2181
1185
2464
6953
2349
82
1881
6469
4890
7485
4094
9119
34
5761
616
3449
5875
4676
4278
8289
2425
2051
2756
6817
8081
3108
1531
5024
7610
6911
1223
7983
7333
8716
4463
4003
9234
8671
5408
1735
3178
772
3090
8016
4635
1481
7891
7315
8672
1469
6126
4179
3505
5771
7441
1755
532
9177
2764
6960
2814
7568
4950
5090
1426
8920
3359
6778
7439
1625
6647
5742
5003
6702
8267
1042
4739
3913
2710
529
9203
8279
9230
1691
8993
6281
4303
1567
2207
3070
1290
573
8944
8419
6759
4584
6640
662
9072
7075
1189
476
5230
5237
6821
2115
6067
1834
6385
4358
2943
9131
8045
2091
6533
6838
5307
7755
9028
6294
3369
6916
1057
3511
1337
5133
5850
8809
2741
7148
1673
212
4116
2693
943
9157
7908
1148
4897
8575
2320
8561
4849
7072
8134
7395
5075
7177
4146
7939
6792
2318
5022
556
3832
7407
4458
7079
4051
4203
6498
991
3790
6628
3206
6155
1638
6831
4844
4055
7040
2781
1535
5567
2836
3072
315
2455
2216
3267
3252
4452
3978
1727
1339
6341
2811
8874
3424
3792
8946
8152
8662
6522
2994
8258
1075
8932
6823
3640
3936
2272
5858
1343
9244
5886
7136
2695
4520
2254
1006
2275
2856
4312
1252
2410
1624
3925
6099
8122
3877
3479
8250
637
3782
2871
1996
891
77
201
829
7508
1313
349
7490
8748
5607
2906
8583
7067
2771
4269
6069
4740
849
8897
8313
8090
3274
5971
2544
8978
6004
7027
2072
7981
4279
5778
6407
5847
1301
7531
6214
4845
4800
5264
4246
5030
1247
3656
5292
6525
6747
5284
746
1947
9152
9204
4574
5279
1815
5226
151
8042
8643
3996
6076
3084
8256
2246
1520
2909
6045
7616
7892
1077
8450
852
4053
8132
8382
4587
3239
8691
2793
3519
548
696
1379
1453
1166
552
245
656
5398
6633
4999
9198
614
9238
4338
8635
3917
6403
1430
4656
5822
5021
619
2309
1405
4254
1372
1150
6835
1530
1171
3076
3800
8923
803
2047
7370
5365
25
9120
3992
3018
9053
2359
8395
7172
7844
6966
4998
4115
3415
6396
890
8627
9114
1394
4588
5380
4106
4237
2686
3404
7158
6157
1510
6005
5672
8494
6333
4436
109
8894
8111
8744
3097
50
1688
7393
8135
8973
6885
3929
2256
645
5314
7787
8577
8444
1406
2319
8947
4442
4651
992
2740
931
4930
921
5187
208
6148
6556
3010
76
2911
4489
1261
2610
2970
8796
4955
6834
5026
8300
9046
8980
1326
6956
1623
7098
5629
6661
8423
8911
5106
261
2945
9353
1213
6617
1768
6860
7742
5550
1209
7589
8855
7190
2802
4597
9172
2387
6347
2566
5102
2558
2996
3708
6557
2840
6087
7669
7471
7195
7564
4024
883
8378
2832
5954
5628
6714
730
2885
3087
4662
168
5859
5650
263
4700
4979
6287
3849
4733
3334
1944
9068
6432
2889
557
2388
7827
4046
4691
428
8360
5807
7924
2929
7320
3901
7522
3784
3753
916
2604
6232
5033
97
5894
6502
3340
4241
9143
5706
5690
5892
8483
4831
7422
2760
7388
4989
7605
3151
6571
4843
5273
7009
8181
8573
8371
7207
6939
7134
2530
4229
4005
5304
640
376
3165
235
5812
3826
6636
6666
1737
8484
9018
3597
650
7544
4070
7262
3383
8144
6349
5853
5923
7290
4423
225
3553
7051
4132
9333
1868
8784
7208
5450
2683
3845
7161
3015
7437
4749
252
5585
2915
5951
6197
7391
6409
6424
8589
4919
6579
4223
6120
7769
5252
2474
7758
1113
6629
4783
3198
1808
2620
4750
5531
4015
884
3395
5443
3393
6741
5070
4833
887
8270
88
821
1285
6094
446
7846
6441
7521
1010
5724
2007
2598
5499
7118
2166
7341
5797
2878
7682
175
8473
5705
8379
5497
8407
8871
2526
6583
9385
4858
4646
1366
8078
5555
1128
2817
8385
3631
7311
590
2987
251
6026
3762
2721
2028
4190
7153
6348
2086
4535
8617
9359
8677
3277
7923
1111
4898
2267
7068
2206
950
8558
4165
1436
2580
752
4974
3979
5402
2497
5611
5635
2450
5942
2027
2706
5434
178
5605
6743
6395
8195
7030
158
4091
7668
2448
4690
5832
728
1696
3583
2910
837
3368
6499
6697
959
7784
4823
127
977
6362
5760
6176
6581
4650
5768
1000
3117
1740
9320
2540
6184
5636
3045
3081
8783
3793
2107
205
2190
3551
1099
3950
7722
4189
7749
8621
7065
3059
7478
7843
6416
4954
5274
5503
2161
7569
2424
7350
270
8114
1232
215
2950
3355
5592
4192
7992
7446
6539
4507
3595
4617
939
6008
4181
5922
4713
9179
773
4045
6288
788
5522
4712
6002
4708
7088
8832
6972
3797
9038
5245
4905
7685
8937
7835
8241
1165
3242
814
4718
8816
785
1979
1287
8109
7920
8203
1545
5657
2168
361
5168
1912
926
167
5357
7848
1858
1497
7550
6657
493
8115
8759
7690
2069
1559
1588
2332
5663
2057
5965
4342
3857
6822
7139
3027
3035
5745
5569
3430
1804
8794
2998
1532
3528
8567
2972
5681
1861
4421
7288
4206
8734
184
9305
281
2409
2304
2655
5806
3375
5532
5364
3648
3159
2700
7915
347
1874
2286
547
8294
6074
7235
3538
6042
9245
2143
4515
2039
5367
7265
5163
5529
6465
7107
7205
3740
4942
1350
128
4090
7006
5752
5343
4402
5444
6361
2714
5649
7373
9073
3130
885
1069
6598
6722
2046
8975
8253
4766
7728
2290
2644
4752
7236
4323
2467
8802
7070
5866
6382
5331
6656
6399
7629
9058
8426
1803
8569
8275
56
5476
663
6777
4222
1174
8700
3683
2529
5625
6277
3515
5054
1180
1108
9190
1903
5378
881
7433
1751
6307
471
3637
4608
3222
4789
2135
6256
7675
7318
386
9295
4368
4384
1167
4753
5852
7759
5180
5568
3703
9251
1791
6986
7687
2127
1594
6175
7887
8819
4884
7779
3725
2922
9173
771
1251
8264
3588
2759
4389
3893
1055
2937
2798
8393
1176
2968
8956
5934
3047
3625
7163
8156
4715
1153
434
422
1950
5595
5050
6280
1590
2153
5554
5908
8505
4582
1335
2516
6630
9051
8370
238
1198
8131
8752
1220
9360
9168
3717
5821
5824
818
1659
8591
540
6034
5231
787
1953
4117
7869
6828
7155
2461
7805
4500
7406
7413
6052
7292
7260
7744
7277
2375
833
4801
1125
1159
425
3584
9050
4791
4965
7215
655
1920
5039
6113
7358
4244
3230
5387
4017
5808
3527
5939
1040
958
4793
6796
5509
1271
1806
5322
3871
6284
4693
2582
5453
4967
4626
831
117
8451
9308
819
4448
3423
6449
9180
67
1794
7064
5790
8903
5206
2476
6517
8892
930
1609
4101
7560
3403
757
558
6919
6169
4331
5867
9032
7275
850
5132
6646
7102
9232
5396
1238
4135
2071
390
7295
826
7232
1438
8266
1990
7789
1193
7608
3545
7606
3473
877
5037
4523
6019
161
2877
6230
2471
8153
4324
1887
592
27
9135
7876
3428
6374
6185
1356
1249
6570
2333
3982
7938
9104
765
1393
7960
6444
6133
7732
7539
7761
7555
2807
3400
4987
7781
7499
919
7410
1464
5477
7857
3859
3339
4902
7276
2864
8880
1389
6484
5315
1483
906
3749
7878
372
2310
5129
3273
9218
8962
5901
4531
8869
8735
3043
2328
6526
1346
8753
2984
6358
3207
4984
2257
758
4199
3589
4381
8001
4259
6626
7628
3447
4644
3005
4780
5404
5260
4157
6426
8192
7165
1257
8769
2842
3509
1900
2567
7101
798
5740
445
2502
2171
7336
8676
1862
7731
7559
1291
6820
2533
3501
4487
4907
1447
8992
8750
4172
6315
3543
1820
6791
123
2084
6549
5507
2392
7528
7463
1021
1555
3391
3372
7049
2116
1923
526
8878
1999
893
229
8410
7264
3347
5773
9214
3094
3269
4180
1255
7193
1388
8699
3310
8449
9350
4601
2742
517
340
5045
5711
7054
7011
1060
3939
3726
2531
1218
4405
7243
5049
2727
2270
9099
1987
1894
5814
9351
7771
2925
7491
8220
4351
7386
4357
4775
1960
7865
8793
6323
3248
1664
6459
4082
2676
2914
2431
8771
8481
4073
7319
4398
9052
659
3668
3879
8997
7474
7533
4606
7032
1571
8033
8321
8211
389
5174
1345
5501
6442
519
8333
6160
1199
5107
832
4519
4634
6033
6587
5799
7536
6713
710
5898
1814
2981
502
8247
1154
9299
5375
2863
4314
6228
3709
5539
6768
7723
3297
1480
7293
2824
1096
2429
6233
673
7202
1187
9304
1935
8432
3944
724
2066
4468
5197
7484
8613
8829
1461
5811
4521
4570
4870
7906
7595
8190
4764
3663
5601
6889
479
1358
7044
1703
3645
9102
3431
487
2092
6206
5879
3734
3774
1812
3655
8959
60
5066
6698
8498
2454
1832
431
7590
6150
8103
875
6139
9029
2843
3386
7046
6906
3399
8603
8568
5113
3322
4114
4109
5085
6818
7503
6363
2861
9105
886
5412
2512
1526
1065
3148
7874
7780
942
3870
142
3036
3662
6372
8818
2747
8489
4687
4731
2245
7270
4505
3777
1034
7282
7415
6491
2494
3022
2023
264
5088
4163
5917
105
4397
2938
4622
8274
8129
8113
5400
6255
7988
3232
6989
6512
7181
4429
7829
8262
9023
647
6080
4859
3302
7504
3114
2931
3677
4600
2472
6540
1597
7877
1529
5353
9272
176
5329
7091
5401
6877
2211
8196
6548
4784
1851
8825
2158
6729
3318
1380
9212
1250
6199
147
3812
5877
7349
1330
1630
5150
808
562
2618
7879
8549
2243
1838
7646
8800
7964
5630
7500
5335
3900
1959
6383
4373
2573
91
5417
3765
1931
7328
5868
7120
1665
1475
6929
1482
3943
5254
3715
1122
1615
6480
4684
3615
4418
3887
4498
7058
8226
2920
7800
8165
3847
2482
1413
9361
1973
9021
6448
2669
8560
9080
5221
3947
4362
7777
3664
3227
6842
7209
1227
2865
8847
8349
1843
9337
9354
3053
7461
4672
727
784
7254
8703
5671
451
909
5059
4653
7119
1281
356
6795
6162
7116
6413
506
5170
7919
8513
6634
