5775
5138
8235
6202
7811
6277
2082
1222
580
7651
2699
4325
3521
3835
2293
2357
4912
2101
9365
2358
3421
2709
3192
1550
2397
4395
424
2152
8014
5721
2248
5172
8132
1978
1452
7606
7269
3171
8580
6221
6543
2180
4437
2941
248
4738
8206
4433
7569
7326
6240
4764
7143
4736
274
7207
8525
570
8090
7187
4271
5095
5875
5931
238
1993
5934
9230
9302
5436
1141
1741
3542
2742
4226
2583
6622
3184
3380
6569
4425
6356
4791
8016
2214
1476
292
1325
1050
771
5109
3441
8731
7158
6671
1104
6105
8647
7656
5462
8911
5989
1320
7645
3311
5014
508
6399
2298
1618
7433
7907
8300
4925
2551
7947
8135
2565
9386
1037
2825
412
6836
2380
4761
6143
997
8043
7370
1115
5516
91
4531
4141
3677
8262
3032
4523
3623
3344
8075
2711
5468
7687
5622
5096
7356
5529
4955
6475
6644
4603
8120
456
8263
5992
6195
2448
2227
3289
6765
6584
1033
7129
9073
5283
3056
6469
1341
2627
7584
1268
5307
5769
3495
538
5719
9250
3425
4576
5883
2446
2710
9287
5122
1258
2628
1073
5855
2856
3277
8813
4276
6552
2171
4012
7092
4
8209
439
4129
2055
3874
7873
5812
3321
8611
3888
4273
5641
2851
9048
352
4683
6608
3705
824
9039
9262
8540
1904
8792
3482
3216
5582
6483
7930
4744
3763
4188
2752
8899
4969
4342
955
8959
797
5112
8337
6738
3582
5743
8689
2605
8312
507
2354
8984
4020
3622
8205
7858
7255
9184
8677
3867
8995
193
754
175
2412
4753
7497
2206
5374
786
2594
1093
533
8106
1024
7874
39
8249
6054
218
2670
2276
1627
4606
4550
7257
3333
6815
7602
2436
8018
1421
8988
133
7809
7604
367
4615
4459
6600
5705
4084
6649
9102
5897
8700
6993
2691
8055
2812
259
3980
4886
2003
1593
5424
4027
8168
5885
4629
7827
4520
6884
2090
1413
8434
2170
2810
1893
7501
1500
8987
9210
4627
6547
8787
9002
3328
5470
8838
3443
5233
6972
3054
5572
5609
76
2934
7208
8943
4392
7169
2473
8884
9167
4931
4412
280
380
1336
9020
2228
8495
1448
7853
2536
5652
5139
4780
8278
4851
5771
7288
3324
4720
3619
4114
3796
1665
8248
68
5908
2804
2744
6255
6952
5987
8281
1770
2457
655
7697
7116
9034
5632
3362
5850
8269
7525
8166
4061
3203
4857
6528
2954
5407
8928
8013
2509
8570
8388
1572
4446
2016
6843
6432
9143
8699
5709
7655
7895
9344
6334
6415
6396
9136
621
3916
7498
2750
7378
6139
4953
6523
4948
5655
102
2782
5889
2370
1041
9283
2164
6323
744
2543
7260
851
2098
7259
553
1279
9094
3453
6321
7570
436
3646
1664
5998
8468
9047
4651
8706
4622
7449
8894
8387
3270
1619
1756
8872
2419
5263
9204
6243
5693
8070
6501
5633
1443
2253
315
4647
2027
1410
5441
1072
5331
1902
8829
8040
369
5484
8496
382
8837
8061
6858
1821
5170
4585
9027
1636
5191
6619
1870
3450
1007
6352
8585
3228
7849
4810
3173
8691
8505
892
302
589
2359
17
2005
6384
2939
8690
85
6414
2040
707
4807
1524
4151
5713
2173
219
3124
3268
1125
4539
3400
4630
7088
9029
6720
6182
1134
2039
5338
2104
5607
3834
8074
6181
7274
8862
2319
6467
6929
3285
5251
143
8124
3774
9016
8030
1830
9010
6536
8783
6214
1384
3808
2764
2882
7526
5805
7323
2382
2832
1610
672
5694
9139
3395
2064
3491
8812
5643
4269
264
3334
2286
4877
3076
3239
723
4898
6157
2386
1701
891
2240
6032
2644
8922
7861
4137
8823
6850
6050
7529
6490
648
5395
9328
3352
8712
7298
7060
502
7304
1450
5620
8222
6996
6813
2151
1945
9072
8579
1150
6302
1272
6648
5877
4941
7543
203
746
8225
1081
3981
5419
2449
1190
5510
7916
8454
2460
3780
3266
261
7896
8592
2660
265
8197
4447
4933
8600
185
9165
5749
6811
1092
2530
6577
6314
2889
3901
6145
5146
1514
7227
4805
7734
263
2499
5720
1111
3005
7148
1492
5803
2072
8742
9089
2271
3534
1844
4781
6230
5921
6947
6606
7085
5502
2216
7046
3649
4790
3811
9323
2785
6775
7121
3175
3217
6078
2604
1202
3681
7740
5797
6376
2776
2781
2681
6701
3301
5223
5294
4428
5080
4262
270
5831
5269
8692
3447
6209
3147
228
4844
624
1117
5833
354
6591
1157
8732
9162
8169
5337
3508
3350
3944
7714
1846
2454
2839
1091
2235
4090
6151
6710
8376
3641
4628
3761
7614
825
1603
3560
4329
6668
9030
1424
7545
3581
5289
4421
1638
6285
9324
4078
7172
4707
443
6778
7760
552
8099
6438
1953
5248
515
8010
3628
8577
3107
9231
5821
3722
1661
5486
6943
7153
1522
2042
1862
281
6315
3844
44
496
5295
8539
5131
2010
7832
1885
6702
2666
397
2097
3260
6877
609
3149
1790
4737
5077
7676
6104
4806
3039
2107
3379
1774
6198
8433
7418
5412
6954
2908
2914
7273
2808
4002
6854
3156
5017
4001
5160
4402
3048
812
5657
2807
692
7985
2367
5162
4995
1961
2034
2819
831
6539
8509
8536
4042
4088
6453
2074
2935
8791
5393
3706
5270
5604
4856
3230
3745
5076
7878
1836
3869
4175
1127
6693
4827
6650
597
2045
9018
2754
8299
6499
6904
2772
3568
5140
1692
6699
4014
7690
2422
5800
8773
287
251
7829
1813
5617
3709
1482
209
828
5277
5637
2150
3873
7120
3517
1386
9343
8913
6542
6309
8991
8857
5210
1241
6113
8827
8840
1960
4839
6734
7013
700
4481
1383
2087
5778
4973
8092
6859
4501
1521
7474
468
7929
8400
645
936
6809
2620
2695
8866
713
5593
664
3481
4460
5319
9206
7919
1987
6544
9189
7670
9124
6089
2252
5656
6913
1690
1363
571
7011
4143
7763
8181
7837
6835
854
8719
742
7278
1998
1505
764
2464
8305
445
3296
6533
569
2701
4498
6750
4344
4712
7567
730
2969
4858
1810
2673
4259
2728
822
5707
8298
3293
8379
8709
1858
9123
690
5961
7709
4105
820
9342
4301
5530
4679
5991
486
5359
3236
4926
5015
8727
3190
35
7034
7472
7336
7231
1283
715
1628
6355
7729
3694
318
8414
9261
6395
2299
3587
5127
4944
7672
638
5073
2896
7296
4057
4382
4326
5626
8237
5947
194
2719
8557
3666
9294
3596
2539
1395
4192
1635
7521
7854
3354
2475
6793
1428
593
7550
666
2634
3687
6121
8160
2114
2870
3510
1080
1624
7710
8392
7555
7252
5264
2391
506
2615
7144
8767
2052
6207
494
7495
117
7991
8077
3046
6957
6941
4038
4741
7009
6346
7594
6275
1646
4296
1065
181
5298
8316
3604
1481
314
6193
8118
6365
7943
7280
7105
2686
2089
5483
5117
6829
7633
3158
3807
9278
6305
8553
3189
3065
4390
1302
2389
321
3104
5129
2632
6639
3322
4179
6282
6660
3810
2199
3205
2607
4702
4951
7551
4763
5522
8666
4295
5362
5458
6234
2451
6979
8375
6548
4005
1504
8808
6392
407
1370
4637
4653
2879
8491
2503
2929
3549
7185
9103
121
3019
4131
376
660
4959
1890
2537
4961
481
926
2111
4645
8578
718
4219
7291
4734
2244
4918
2220
2288
1819
8806
4194
5549
7455
5741
4788
680
6480
4914
2096
5282
5557
4398
890
9197
467
3030
3142
6150
328
1473
910
8740
4714
8734
3133
6797
3804
8259
7747
1439
9272
4250
3818
3138
2032
5363
2413
3870
9078
1221
7941
2970
2118
4580
7141
3432
4240
2689
893
2338
791
7403
6299
2949
3506
3966
2777
554
3128
7360
5216
3822
4812
3430
4554
8439
9290
3499
5075
4266
9378
6821
9295
6817
3770
7391
6629
3314
3106
6726
5429
5848
1773
7201
9041
7866
4026
2881
7649
5092
9224
945
7006
6716
1983
1161
2855
7242
1418
1871
7804
8234
6812
6370
9182
8680
7845
437
7352
139
737
5174
7669
5039
8981
4608
8814
1445
4975
8957
7375
8025
3157
9191
6164
8450
7007
7159
1725
1551
7756
5953
8041
8735
3306
3535
6603
5309
7183
7617
3094
603
5902
96
7673
5434
1020
5489
5936
1369
5157
5879
2153
5212
6939
7782
5696
4244
3843
4238
2038
8402
442
3486
5166
7785
4004
6020
665
5361
1929
1447
1163
208
5208
1652
9256
6897
5135
1557
3930
4566
7061
2022
4607
5846
6005
337
5729
6338
5917
6705
1013
1708
4849
2640
8964
7910
6714
1623
374
9346
2292
4223
3013
7335
4658
6511
2158
938
4828
3618
8054
6849
8161
4258
8326
8111
932
490
2534
8079
2674
1612
7324
343
256
5982
7609
6187
9313
3053
6787
4815
7203
2429
1052
7115
2163
8615
6905
7320
5685
4605
3360
1632
7810
1569
7901
5422
1146
4728
8794
6256
1539
9144
8889
4256
5684
1589
5602
5408
6357
4770
7508
5195
7924
3833
7517
9244
7689
2426
4120
1586
9245
7429
8670
3445
78
9183
4098
8482
325
1173
3272
3060
6807
2724
9007
4199
8325
8847
7571
3851
563
7055
986
5202
8486
1969
7119
8190
1465
4476
9053
4725
3351
4535
8537
8221
6185
1989
3703
765
6757
3777
6994
1429
5463
5969
6596
1402
5871
332
6652
5435
4843
8303
5143
3353
9352
3896
817
72
6192
2407
160
5355
5480
3512
9062
2643
902
4060
272
640
1269
9228
2502
4347
4509
3533
5302
8694
4170
8817
3436
7984
6368
6923
5972
5644
6138
2046
4713
8835
4074
8760
316
3836
2461
7156
6093
9226
9291
5190
6592
6681
584
615
4496
3303
307
8681
3892
1039
254
6175
7923
7265
3676
8457
1159
6746
2145
604
2435
594
1906
6940
277
6614
3067
351
5973
8931
2506
5932
6069
5663
8289
5842
3150
4095
2797
8472
3077
4846
2706
1694
7213
6037
568
9205
5860
5827
5825
4671
5030
1503
5503
976
4727
7464
556
880
4322
9214
2585
3578
2816
2621
7771
8956
5986
4471
9274
4672
5110
398
5472
2590
8729
6003
4560
8203
1440
8403
5763
2091
4664
5554
3476
1549
1467
9255
8702
527
4939
8942
6789
6698
7755
2420
2348
1758
7792
8191
8745
4801
2653
6364
835
7035
1168
4046
9362
7530
3393
7219
4239
3965
2554
8307
3969
5782
2577
616
2465
4222
1306
8046
3174
2213
1468
3507
7041
8198
8158
8435
7841
3409
1502
3593
3461
2961
9014
4691
2784
3003
642
1102
5979
2018
2919
8947
1433
3726
6298
6579
1763
3254
7857
7232
4440
3819
6046
11
2984
330
6718
4680
3098
7479
6437
2798
8157
7520
3234
2428
153
516
2381
4569
2684
548
7682
6458
2570
4469
6965
6971
8347
2230
3798
1135
5900
5409
6087
3765
2680
6278
8137
3250
2416
8566
5645
1335
793
9059
6790
5843
2857
8064
8172
6351
4798
2487
5221
5567
5478
8618
1838
1680
2818
2084
3320
6898
1895
7808
8192
8851
5094
6590
4464
7114
9134
7630
1331
94
3484
6752
5722
7247
9058
2095
6586
3091
9140
2295
4077
3937
9085
2869
7871
2444
3603
1979
9023
6373
4757
7865
9356
3304
6387
4518
3137
6394
5473
9215
6045
3341
1698
8749
9152
1668
7981
1411
6108
3442
180
8463
4096
334
2306
5213
6114
1629
6491
2527
1056
1581
5704
5928
647
7523
7514
2479
1116
5903
26
338
5638
7042
8195
6736
6806
1896
582
3642
6949
8909
1800
4124
8260
749
4352
3814
1949
123
3399
6122
9335
1547
5635
8660
4049
8668
1382
141
1371
419
1971
1313
1729
8458
6000
8655
4901
519
4841
3220
7565
2225
650
8353
9266
3459
769
1126
916
6435
4594
8545
2649
1352
7891
6911
6398
3955
3754
7029
1345
9190
4745
7592
7925
877
2967
7493
8346
8782
8997
6405
6381
3880
4957
8562
5793
2062
8466
8250
5794
215
67
1287
8224
961
8520
3074
1957
5217
2835
7693
1780
6307
6662
2047
928
8856
4654
464
513
239
3630
4777
3241
4327
9234
145
1396
5120
5868
4470
3165
5796
112
4677
1806
2445
3881
5460
1852
2178
8395
1864
9321
1992
7830
8282
8097
1327
9097
573
1723
1673
3143
7160
8621
7496
2705
1508
4667
3848
5574
6597
7515
4453
2329
4127
9137
6127
977
856
2347
1353
8800
3865
7434
8819
1967
232
1315
6768
4907
984
3085
9169
6183
4439
6310
6530
8058
1390
6774
2069
2333
7210
7856
6203
433
6926
8567
3931
3546
2249
2806
3126
1966
131
4121
5336
7362
729
8261
3248
3970
5802
7048
1296
3485
7648
324
3451
2044
6680
4169
3550
1239
2852
8266
4873
2926
1303
136
5629
2340
6074
6899
8355
6556
1573
1919
4586
6126
5107
4299
3002
5781
4298
2066
6823
863
6331
3308
2860
1855
956
7998
9315
7476
1566
5619
459
8736
633
2014
7372
3993
7307
8962
9156
3998
1552
6260
5640
6607
6194
8189
225
607
5618
843
1719
8875
7548
7852
2102
5736
887
9219
8616
4305
1310
661
2584
5256
4128
8220
2936
3590
7815
73
2323
3208
171
3435
8423
8084
8598
2733
6096
3062
8785
8285
6562
5940
6189
1757
3989
1361
1097
9380
323
3029
8893
7629
4094
163
1907
2735
6044
7230
8500
7098
6732
2273
2802
7161
1067
9249
1518
4444
2031
2346
3006
7467
1803
9329
3186
4946
2756
4891
5250
2563
7179
4786
678
477
2980
4542
46
233
3890
2760
2476
1841
2194
7328
5746
7395
3227
6049
1398
7233
4779
4525
9035
3265
8027
1525
124
8033
3070
7836
1622
8555
7240
5410
9311
799
591
4030
5929
167
6117
6621
4331
9263
1340
6616
3863
6725
7393
6057
1048
97
4521
3645
6975
9022
6092
1837
8418
2218
9117
849
2518
6283
1459
7586
5148
6561
3017
4373
3736
1496
1748
111
7736
5310
5453
6559
5834
1231
3394
4583
2796
2296
6035
7822
2196
1216
6168
8296
69
3979
2511
6672
284
2350
1017
6213
2592
9305
2424
1995
8264
3370
1474
7409
3483
8134
6244
2795
2443
365
6492
601
8958
2186
2559
6953
1472
2478
982
8970
4246
7969
7142
4635
9276
3529
226
3883
2759
3795
8470
7138
4564
4894
7612
4524
9318
2861
8688
8914
5810
6239
5353
6666
6890
8066
8768
9125
4920
6247
8641
6158
683
6828
7717
2078
5689
7246
8448
682
3613
5948
2841
8340
8456
90
4389
1397
1121
4869
4617
7168
220
1470
4303
4742
6514
5809
4996
8881
8870
6186
7955
1815
7659
1101
1798
5067
7430
3740
1387
5057
4414
685
7012
6706
9251
5528
5504
105
5351
4174
6204
1814
6023
1267
8156
3732
5491
722
9268
3911
7876
5599
1344
8979
7757
2372
5035
3625
1954
782
6553
3987
7461
7458
2963
8630
8682
8831
8034
3531
7293
2864
8684
7780
1077
2368
8008
4248
8876
1406
7701
8322
253
684
5744
7582
627
1253
1769
6372
6766
3458
3473
6696
927
2099
230
6931
2310
4556
2125
5044
7384
4598
4771
612
687
4792
4434
3882
4816
446
9115
6880
4149
2255
4916
7624
7970
6311
2630
3544
6119
6980
8937
708
3971
3050
1968
6721
8946
2184
5968
6
1564
7054
7453
2532
1901
3412
8994
1191
3635
679
4272
9345
801
4210
7531
8739
8032
8778
7300
1180
2753
3155
2732
8772
6507
7761
4317
6938
915
4232
5589
5915
7578
5476
939
1026
5445
3463
1824
207
9147
6059
4853
7386
8705
8912
4541
3361
4967
6253
3135
1422
7431
1545
4759
2056
1012
7786
4312
4968
5726
5281
3471
6382
1528
783
4784
7017
4227
4685
7499
4036
1615
3790
6288
6751
8212
5753
1234
2136
4508
3061
174
5613
4173
8162
5888
2198
2440
9331
7321
8603
1230
5481
1976
7195
3684
1308
6421
2853
962
6422
342
6132
5892
6075
4166
8240
1112
7190
7028
623
204
3202
5840
9359
7605
1124
586
4184
2313
6479
7973
7234
6557
2598
8345
6852
8178
4506
3617
6261
2971
5891
9155
532
2179
6008
1728
361
18
6488
4480
1877
5762
2513
2311
6645
8342
3226
236
5662
8384
1596
5628
1874
381
2085
5742
6764
6709
9357
3118
297
418
491
7936
1884
2988
4572
7411
5647
6446
7650
4130
4138
9208
1685
4479
6922
2316
7309
8229
3140
1917
8849
2520
7087
8453
8786
8839
1436
4740
7636
8576
1203
9194
6916
3204
7313
5085
390
6840
4405
4233
5863
7223
3713
4601
5292
6868
4376
2376
2474
7135
2647
2231
7235
4254
9126
7563
3595
5111
2260
5963
13
2540
1931
838
8422
7447
32
8861
2392
2456
2957
9172
7277
5858
4202
6909
9157
6519
5308
1305
8334
8530
3180
8685
7536
4436
8253
579
4548
5878
8417
5285
8896
2704
2466
1
4519
4854
3997
5417
3117
7331
7851
9246
7441
3992
3278
7188
1659
1512
7869
5697
1076
6449
16
7036
4620
2748
4848
1259
2834
6098
8412
1681
1247
8586
1122
4571
1009
8021
3942
2850
5328
7319
5548
7285
345
7625
2981
2223
7081
311
5006
1571
9109
752
576
5293
4964
8923
1215
7935
7001
2600
1849
2174
6842
4292
34
1002
5466
5533
7688
7597
2290
5621
6632
52
5020
3199
4584
5659
7361
103
2141
5873
4164
451
8415
8302
3895
6816
4314
5757
949
5239
6834
3674
7850
9009
7177
4682
6134
5206
2837
974
177
7004
7202
8672
8673
6201
3650
8059
2200
7124
8703
1419
2715
8551
3125
2542
7340
4699
2982
1348
358
87
4719
4632
2901
110
7999
9160
3105
7022
1095
2669
8512
2553
170
2827
6824
9100
1826
3956
3585
5426
4050
359
7353
317
7171
2067
2510
255
1409
9163
5851
6882
7276
4473
7905
1029
5370
6332
4859
807
3978
6986
8609
4999
5977
7680
8469
2714
763
4003
7039
7076
1059
3967
6955
4237
5121
8935
4187
1727
6329
6344
2070
1110
9060
6568
8541
7112
4836
8824
2127
4401
1577
3850
1357
2739
3200
195
3557
9220
6402
529
2261
4316
368
4034
8445
6481
8437
2264
5565
4735
2224
4148
1319
6531
70
4048
5717
6637
8361
5799
1691
9082
1175
191
6715
