3461
2977
2299
1156
4234
4571
2676
19
5420
2716
2116
5552
3833
321
8725
9013
8832
6287
3620
2902
6570
3494
3734
7146
417
4377
3842
2073
4060
7652
3067
1672
9378
1550
5655
4088
5789
8520
2185
7588
7257
4976
2259
2170
7997
3334
5809
214
955
6298
2793
586
3901
8457
2237
2281
9210
6281
7626
2567
4542
7631
7663
883
9042
7241
2263
5597
3327
7316
4270
9045
5328
6516
803
846
3330
8656
7793
1803
6368
98
8333
9159
6604
6629
32
405
8480
570
5920
5691
8327
5693
5891
1969
2346
820
4206
5504
8950
2473
6092
1301
4757
1084
4584
3709
2920
6481
7034
6909
1466
1635
6502
5885
2451
2825
6714
3973
4901
8403
5938
7873
2751
5947
899
3358
5385
4575
5191
5601
6943
7002
4198
5772
1250
7199
977
7444
3415
6499
7063
6904
5023
4744
6101
5288
1919
2927
488
2740
4139
9001
4065
4591
1042
949
3589
9330
3114
2959
9054
4375
6932
2266
6970
2141
3512
500
2084
597
2775
3205
9158
1111
4737
3337
4014
3622
3496
68
1109
5358
4529
1531
8827
9251
3436
5773
6102
6639
5099
1492
8134
6160
4338
6029
62
9271
266
4274
2921
8238
6509
843
7511
5009
3042
416
1974
7387
5578
4869
4706
5103
9361
8001
7123
6603
1134
7024
4959
3573
335
3892
4649
4828
2911
420
7007
5499
1861
1906
7324
5548
539
3855
396
3194
9103
1783
5421
2597
7659
8991
3223
9260
4257
2429
248
1656
2930
5954
3497
2801
6697
1478
8848
7143
8495
6718
4597
4386
5138
8020
8358
562
2888
3218
4275
8213
3348
7498
8131
7118
3900
4062
6144
3790
1390
6836
3281
2488
2842
933
3209
3668
9376
5283
4707
4972
6339
3656
541
2079
1867
3729
2826
5295
2048
9106
9195
5030
9324
7827
5033
8787
5485
8896
250
6885
4882
7185
2218
1625
5576
2257
5958
7850
7076
7213
4426
3750
1060
7307
3460
108
4565
6635
353
1605
2678
6946
4043
2436
6228
3488
4026
3629
3585
2269
5303
5110
9359
6465
752
7176
5604
6558
6592
3720
7116
7722
436
3721
1971
5522
8742
7424
8677
7622
3279
8054
892
4320
225
8489
5567
55
47
2145
6022
8616
2355
5782
1798
421
8180
2713
9157
3669
8762
6919
4702
6559
3662
8395
1756
7455
5257
514
2887
1061
7573
5595
5929
7109
991
9332
8118
7151
4733
5582
7235
8880
3922
6176
9341
7397
9375
6849
2683
4574
237
1228
678
7569
1586
9085
2401
5364
9003
1173
244
1071
5746
6642
7420
7962
4704
799
1283
5319
7219
4388
4419
7184
5277
139
1620
7916
826
7796
1318
8431
7883
103
505
2756
811
7790
3244
6450
9286
3520
6269
489
1600
2817
660
8246
6354
4108
7481
220
4312
453
1623
5965
80
414
3317
4314
1057
2501
4878
7946
5586
7960
5846
7453
3148
4001
538
5637
5271
7782
3057
5263
2016
2493
4392
4052
5155
1246
170
2577
526
6890
1940
2571
1526
4826
8847
1644
2892
1227
8349
7283
2790
3851
2420
382
4394
2862
4595
150
4443
5427
3046
7224
1121
2544
8965
8132
7100
7807
9135
2424
2797
8445
3079
5014
8321
7993
1374
5673
3998
1442
6588
6761
3232
7413
1559
7636
4610
5281
4841
1619
6881
4768
4982
2771
4494
7849
9156
7972
5065
8679
5728
8157
6107
5070
6827
5123
3991
7803
5624
2089
9239
8253
5964
6731
1148
783
322
5652
6507
1989
2629
4598
2922
8755
2157
8464
5387
3030
6033
2184
2553
1539
3534
8753
4326
7211
5665
4044
7097
6353
4283
7445
3284
9011
1812
8962
236
9252
8397
4266
9150
2409
2154
4430
6305
5177
4160
2752
7641
8488
691
8353
1249
5329
148
290
4404
8000
2852
314
1758
6448
908
337
981
4583
5685
2807
4129
407
6472
3050
6801
3752
6262
1538
4947
231
2385
8112
5408
5135
2331
7930
8691
4148
1688
3616
8556
6869
3665
5724
8041
4556
2033
5607
8670
2286
8522
4503
2028
8316
4667
9129
3613
7871
330
6344
4834
6473
7799
4361
4033
6091
8844
1878
4102
2518
7106
7945
6620
7059
4499
8534
7948
6127
8361
3919
4767
4577
4641
6449
8695
263
6892
6468
3817
524
4247
3258
5747
721
332
7172
4230
5985
5154
9107
1490
7052
5829
734
8994
6922
2198
8589
3724
668
1918
2734
4628
9280
3217
7553
5777
6809
1663
2315
2489
4874
6009
1149
5639
7189
7616
393
1064
1033
5767
3425
5321
957
680
8071
6739
8288
1322
6145
6913
8052
10
1579
8999
1860
7269
1616
8944
6813
909
4728
8603
1810
8058
4631
2193
6055
3158
5886
589
3972
4998
5600
2353
3285
7580
7764
8010
5165
4713
7074
105
5187
8894
2356
8088
2983
8055
563
6429
6766
4977
7899
881
3347
6537
3490
3033
6983
1562
6864
7135
8487
2329
1135
82
9151
6853
571
1892
3430
6397
4843
2646
1931
8425
9255
3888
2895
5008
107
6386
7441
7019
1371
5159
8237
3672
474
7484
6290
2729
4592
6444
3502
2632
7492
6838
607
9078
7201
654
4663
910
6585
30
4485
7892
8580
2348
5997
3559
8870
9121
4975
9227
5856
3986
2846
199
2663
5042
6596
4407
8798
6920
4738
4515
63
8548
4821
3873
1965
8352
6990
5758
95
8600
282
4029
5440
3110
6190
6696
1326
4172
8002
3811
5935
6540
952
387
7233
8292
7710
6170
8995
8105
4990
8362
8339
8426
6811
4050
7251
9034
2026
301
3109
5583
6865
1354
4512
6622
5342
5615
3236
8409
3379
2840
7607
841
1120
8906
502
2305
2939
8864
6851
2351
9298
8341
2228
1196
2976
2899
9006
3054
4294
8140
3246
579
4458
5740
3119
3086
4218
7666
7903
549
5356
2190
7766
5190
6863
340
3106
8862
7763
7077
7978
1184
7643
1770
8595
7863
9124
5338
454
1280
2814
8188
7837
9172
8104
7838
7576
7274
6135
1482
653
3726
6456
7348
8207
2458
5907
2641
441
3156
4782
3946
3264
1258
2806
1609
3920
2557
1692
4789
1583
7797
2197
7130
716
6270
1122
2792
2477
1733
5032
1613
3753
43
8540
4301
5701
6289
8881
464
7586
816
4296
1941
5024
4796
7080
8446
5279
9073
6998
6744
5446
158
1510
2450
7232
7372
3190
2897
2278
3741
8392
1884
1535
8466
2055
6180
6425
5072
5252
6463
5561
8759
5976
249
1996
1838
5694
2630
5620
3222
5418
3088
8465
122
1146
7150
8764
8885
845
3654
9362
7944
8214
7029
2293
4364
4863
2971
8136
968
2564
6636
4699
5068
3019
4487
4992
8313
2884
7389
4211
4549
5025
2390
2500
3168
2022
0
1265
6685
6988
84
6125
7961
7046
7608
5225
6861
4288
3393
2589
4373
5069
8984
5467
3441
4342
1754
5156
5477
1231
6842
1737
6197
781
9030
6251
9019
6933
2718
2689
8851
1869
8792
1395
3639
9176
9347
3245
9310
8370
8435
9035
544
446
44
2402
9231
2614
2833
4829
3887
8277
8926
4123
3863
48
7542
8690
662
7308
5603
8155
1104
4253
295
7531
5315
8033
1876
7955
7129
6232
6383
7583
6586
1956
59
8801
4097
3139
6242
5282
4795
5912
2295
8591
476
5410
6311
8364
2100
6941
7360
2159
8428
4868
4470
3878
7565
5077
4625
6688
4722
8410
240
3713
4015
7099
7066
1117
8967
4871
7981
786
9111
4748
6595
4081
7599
789
1840
6106
8201
292
1259
6521
212
984
8701
6394
5073
8250
2693
8924
6954
4317
7238
363
916
2687
9312
1851
6876
4104
8736
6847
1342
8687
8959
2422
142
385
9102
6195
1415
7656
6562
8688
1213
6738
5142
7855
928
509
736
1882
6011
517
182
2810
6686
2262
9340
6486
1511
5903
6206
5204
5960
4365
6411
3674
7749
9023
6952
6786
7762
7727
178
4892
5618
4035
3120
2363
171
3122
7092
3320
3257
4111
6705
9292
6025
3268
5290
8511
9317
6373
2655
7036
879
6089
4456
6146
995
279
5949
8913
5212
6889
4156
9186
758
7619
4743
4133
4563
6910
5355
5968
878
23
7697
1398
7393
2896
6110
5092
8091
2136
8427
1085
644
5751
7297
283
1503
971
6609
640
1316
5734
1294
3469
3406
7010
4309
2724
4989
5052
7706
8982
7515
1159
6026
1185
4112
7031
8161
1236
5616
7448
1819
2643
6375
3890
9199
8452
2137
2917
6898
7452
3448
8377
1981
7089
6250
1430
6575
6619
5837
2219
8384
1277
6751
1216
5365
887
3633
2078
3953
697
9290
5628
964
8706
5766
5327
1215
5478
5197
7640
4271
748
8998
2077
1864
5605
6573
1017
1730
5923
8390
5932
6253
4971
1863
9377
2405
8581
6964
5115
97
5590
740
2114
6832
5048
7521
7809
4538
2117
2038
5431
4382
3509
3274
5055
6935
7532
3530
7721
8482
7756
6645
3095
3839
2617
5521
5236
2497
1034
2990
6220
8682
8347
3992
8772
6072
5511
8507
6175
304
3293
3405
4006
5707
9202
3592
5871
5433
479
3486
7509
4912
2492
1255
2267
284
7457
3535
2755
5405
3846
1130
1883
7399
8938
1994
3391
3791
3229
5554
218
2029
2981
4137
1977
1763
7621
50
1410
4613
2579
7969
3369
2192
5406
5769
2110
4620
6845
2560
5988
3319
309
5752
2300
6379
8486
1077
1072
2298
1888
3023
1494
6551
5140
8749
559
9257
1841
8242
666
3976
6584
4141
3111
433
1357
7090
3541
5309
5151
4242
2834
6000
5080
2398
1221
5306
3970
287
7689
667
2601
167
8226
4008
1846
1431
5788
3263
6045
3401
3809
2593
2372
7208
4078
8907
2413
7592
6820
1125
8034
3073
1364
3857
5904
1307
1709
69
8281
426
3727
7587
8243
1205
3730
5608
3962
8604
6668
4712
9318
8597
116
6868
4635
1177
4316
3133
2380
7488
3341
9374
8494
5959
4513
3482
9277
2268
8283
8727
9266
5081
5536
809
2469
8541
2495
6247
5626
1411
7736
568
2894
2838
7524
4011
1646
998
187
377
1365
5016
7229
2703
5132
1747
3355
6703
2605
1263
8302
4905
5474
3844
7879
2072
6971
1880
6138
9351
6098
3155
8216
1913
5514
7800
647
6669
5353
8899
179
3015
7630
7039
3979
1163
8861
947
8886
5026
1532
2552
8770
1171
7110
5686
9049
3647
3397
6660
3597
6644
3433
8178
3117
837
3785
1464
3938
2881
3751
5821
5868
7285
7153
1895
9236
7720
8174
7446
2345
888
4910
835
1093
5668
6081
8592
445
3858
1181
7404
8412
8154
344
7001
7988
6057
5737
8631
1399
490
6458
1501
7068
3225
4810
5284
8239
8021
2370
7822
4159
5483
2982
1272
2131
2705
6423
7101
8741
7423
5753
8079
4913
7271
4799
5695
9190
6530
8229
4199
7126
2791
3915
6993
2738
5515
8786
3736
5816
7075
4399
7489
923
1634
2065
3276
3299
2984
7125
813
4268
7412
2426
3141
4847
3003
8953
8928
1067
8805
8307
8311
285
5158
6014
8081
4153
8588
2786
3646
2616
7686
5636
8115
350
6815
3459
3658
3675
9166
2270
6065
3690
1703
6433
962
5037
5058
1945
5609
7419
1427
530
9181
2750
4817
7038
6599
3908
1544
1684
137
9131
5163
2599
1287
2
1331
3487
5466
9177
5706
7326
6454
6288
5977
2748
7880
3596
3619
4746
6624
2322
1383
8469
6097
975
1743
2946
2358
8356
7514
8826
6307
8109
2388
513
5334
9306
3480
3069
400
4681
7204
5298
9108
6937
8769
8627
8231
6469
6884
613
7428
6198
3912
1654
4339
863
1905
5003
7522
2764
6945
3211
8626
1942
5359
2213
398
7473
3615
181
6503
6132
6563
3805
7490
6648
7476
35
6432
2053
6020
5862
8782
2811
6130
9235
5350
7699
6200
2294
4594
5592
6671
2995
4509
8624
1509
1548
2890
3309
7332
7628
891
2535
146
1016
3066
1421
5557
2568
5443
4750
6534
2320
6150
4742
5898
6194
4147
4445
1551
5136
2974
5906
2743
1785
7174
8662
6532
6304
4845
5581
921
4933
1440
1595
4531
1590
2491
2152
868
865
6961
5598
6715
6737
5034
289
1849
7990
8619
6073
6900
6258
8605
7140
2596
234
7678
7956
4859
4416
5391
5341
1465
1388
6111
8788
7128
4120
793
3968
6977
6959
5152
1426
6482
8989
4340
1871
561
7864
71
2374
7237
7127
9256
7406
7520
3045
7378
1058
7120
1268
4318
4259
8637
2913
2071
4152
2948
3400
573
3537
1582
7519
5162
8483
4344
8852
3065
6140
3414
2151
2366
5087
230
4819
271
4324
4545
4673
1775
3742
1099
1416
3778
8408
3192
4424
7460
4535
3600
5160
8328
3999
9229
2212
6857
4448
1413
5760
8175
6192
6261
3163
1032
2498
8549
2338
8721
8046
942
5719
75
3655
5892
3904
4689
194
8342
7786
5736
7098
7557
2673
4948
7012
9363
5000
859
7854
6784
3942
5630
4450
6165
2285
6048
3343
1848
1261
3381
817
5951
1889
3072
6087
7195
8879
5735
4267
6457
8566
143
2309
1932
268
4511
4960
5669
566
8535
6979
5689
3271
5317
2098
8814
6005
7584
7471
8761
4398
9366
8625
5535
8011
684
5464
2665
201
1998
6866
8450
5908
7566
1673
3707
1652
6214
5428
7558
2272
5444
4554
520
950
6478
3366
5667
4132
9010
3208
1011
7561
3071
2453
651
3583
5819
4498
7497
5936
1232
896
3607
1777
1765
1726
1274
8517
8355
9308
3419
8027
6122
86
4311
2997
7562
4091
5460
2243
129
611
8835
7000
7963
4410
8963
8225
3100
6735
9230
9
9105
4533
1661
3539
3384
2352
8530
3403
3115
2460
5873
8298
4187
8098
5333
4277
8014
1069
1731
1047
1147
1760
5041
2444
1366
6541
4293
2480
1454
3575
2187
2730
5200
2562
1611
9201
8107
5941
8957
7995
2604
6673
861
2290
1252
4243
1137
4229
5813
31
2068
4110
8951
7745
9211
1000
9246
711
6942
277
9219
5896
5771
6914
5419
4682
8828
297
254
4987
4567
5242
256
3380
5530
8664
7888
2821
40
6740
8933
512
347
3439
9099
9301
2869
2001
5409
6897
94
5039
5756
2386
2417
3130
5157
5893
7398
9209
9161
6393
8923
7149
569
7662
6518
497
1598
293
6419
6757
7261
5131
5754
1115
7479
6493
3667
723
2467
9244
3794
3013
6234
5482
5216
4781
8501
2014
8937
3059
77
358
2715
3092
4098
8543
7380
3697
8714
3513
3104
7169
2090
5434
4646
5940
970
467
6371
8300
5226
3418
6560
5533
5983
7144
5457
6334
3704
7935
1036
4080
3783
1096
4219
7747
5050
14
8681
5640
1963
797
3687
8124
4118
7512
8765
2787
2399
6723
4773
6277
2205
6646
4454
6075
1769
7986
8211
9028
3797
367
9253
7518
185
8478
6365
5206
2496
5454
7354
3831
8819
364
6223
7333
5869
3179
5716
2111
986
5010
5166
6606
1727
997
4891
6435
760
6019
7206
8331
7302
1458
6343
4273
5833
6040
3529
1172
5377
6938
132
519
2088
1872
8555
732
8251
4459
710
5296
3137
6826
2156
3424
7908
3584
3294
7537
5184
7853
537
4224
1578
5879
2106
5571
7560
8784
3653
7466
7371
175
2966
3691
7503
5723
3814
5566
669
3801
5049
626
7778
4914
1443
2474
4875
4756
374
5207
2341
2994
1985
2045
4516
4055
7687
1382
6621
7828
7259
6773
9066
6364
4962
3788
4173
2060
926
7277
3483
2668
722
7347
1593
2933
7366
355
1820
5845
3201
3549
2376
3638
5614
3466
5824
1276
1321
2543
6222
2708
2452
8268
6342
203
3930
872
4378
4381
1193
1970
6115
8340
7645
6224
939
9203
2573
5541
7394
5429
5378
3457
1210
7654
6611
4355
5621
8301
1300
2485
2570
1422
1845
3102
979
3680
5292
3692
9162
3197
1312
7465
8414
1573
8830
2175
342
4265
3533
7554
658
1999
4616
1924
6500
8473
4264
6151
6706
2509
2633
6519
2859
4254
2096
3085
2105
2455
93
9321
1759
5682
4103
2619
9100
3893
9228
1267
8168
8151
3758
5709
5503
5512
8573
4491
312
4231
1885
3859
7342
3165
1459
9104
5967
3624
1367
3172
5943
915
8799
3342
617
3739
8085
5884
7042
2487
6324
470
2555
664
1650
4662
6524
8447
4221
5326
3871
8102
833
3517
2121
8958
4719
8261
2582
4047
3756
3349
1226
2314
4464
3446
8882
8388
9148
7856
3717
9007
6730
1245
5493
2271
3823
8942
1781
4618
430
6490
4539
1505
2769
1834
2125
2086
6186
8485
8840
5161
782
5588
5179
4347
5520
8332
3249
9170
9094
4460
828
1483
3909
6426
7839
2912
4186
3673
6927
4151
3642
3897
6627
3917
2845
8579
8323
9344
4779
1839
2384
3467
4922
7758
3983
6487
7613
7239
1373
8831
1569
1549
4478
3445
1879
9164
704
4626
5505
2211
1337
9024
8248
8170
6466
3760
4991
7905
707
4640
6590
3340
8040
6300
2132
8083
2075
3710
4870
1005
3903
620
2279
7655
1588
1922
8220
4163
4201
4672
4490
6870
1790
6527
5302
4116
5888
6824
1299
1217
4691
1547
4329
1701
8614
7866
9265
6007
1083
7410
8496
1843
8943
4540
9304
8275
7379
8526
2675
1683
5100
1979
2953
4476
2304
4036
2803
455
403
1450
1844
1075
3224
6772
8165
5096
6306
787
8255
6687
7572
1572
7691
3705
2563
7040
8954
5574
7598
5642
1198
1155
6196
7676
7003
76
4604
4907
7770
7315
943
452
7798
7179
1976
7122
5580
6173
7539
6108
7718
7165
6803
8276
2524
238
7227
45
9098
4484
4885
6799
3815
399
7578
6770
8633
503
8651
51
2430
186
5539
1288
7396
5259
5914
4406
4016
4366
7157
1729
2576
12
8514
2316
8050
3161
8821
5950
5266
5826
8756
5623
7597
2297
2062
1359
389
2058
8890
8813
8199
3478
8092
3408
545
7078
4725
6630
7407
2885
5349
5650
4521
8266
1576
5634
6982
2783
2502
3812
1434
2504
9258
3288
8036
5323
6024
5104
8212
739
8842
5354
7739
9116
89
5054
8365
1041
7738
3278
1098
6340
2085
729
8113
3621
26
8961
6484
7529
4814
689
6451
922
2456
4519
6834
9139
2871
2427
2671
1153
7368
5877
7985
7890
4576
7625
9349
8576
3542
698
4495
1234
9214
1909
2943
8363
2486
898
2308
4220
6184
7171
2349
8823
4798
8704
2250
6670
3442
754
7589
274
4473
4414
5046
2880
166
4256
1764
5928
6117
5316
5523
3746
8434
273
5937
7082
2653
6504
7776
3754
210
8232
6726
4776
5455
1890
7973
5835
2762
9138
2251
7391
8073
4439
8763
4427
6821
8794
3323
7278
7771
4291
1031
8067
2466
6994
267
3248
9036
5546
8717
2772
5815
9057
2916
5311
7536
471
2235
6976
3804
5423
7769
2904
6691
1792
7304
1303
4240
3896
7506
8479
9132
7818
3162
4471
7055
3499
2662
5646
7295
1984
856
135
4307
1291
7875
3699
8900
215
2069
4945
140
9311
7221
4328
670
7356
1409
5870
3070
2873
2558
4881
5121
6316
5117
6123
4760
7694
7475
6417
5681
3931
1126
5417
3382
672
9333
7804
3782
5343
18
4934
889
2603
614
5800
5993
4462
3212
3275
8902
3576
111
7817
7260
8198
2165
3368
671
8417
5635
3590
3693
8299
246
853
8611
2274
6638
4693
9268
1305
1394
4897
2940
1723
461
8559
3899
5492
2778
379
8538
3504
762
2938
3014
4711
9373
528
4131
4403
8668
184
2166
532
7312
2503
6974
8738
4940
969
7605
8850
7300
6746
7296
3064
4191
7305
6666
1668
5663
7893
8563
5843
3175
87
7624
138
8451
3735
6254
2160
2907
6424
8491
7615
1636
3623
5675
8063
7286
3866
6796
463
4031
8674
630
6039
6441
7633
5918
2839
8979
3169
7196
3087
2929
3696
6987
7253
900
6245
3885
4073
3463
7440
6064
5339
848
8108
6795
3787
1580
2606
425
7338
4023
5619
6704
2855
5658
9137
1722
1497
8876
4496
4555
4409
4634
2195
6413
6336
5697
9299
2343
6028
4032
6716
9281
7577
4501
7071
2191
8189
1528
7162
4079
5610
2802
2975
5812
5370
8545
3147
5148
4558
5035
7644
8045
4860
4887
1894
2998
624
2347
3744
9247
5372
1930
1751
5874
1687
727
7730
2336
3780
5221
790
9254
5931
935
2712
2389
9184
7884
1189
708
6709
7954
4931
6702
2952
339
2128
3475
6268
5473
9225
8078
8013
5267
847
631
1647
1856
2824
6895
7671
8724
3507
8463
518
8702
2149
5996
8
2403
8716
8264
7266
3740
9050
7563
1314
4238
438
2421
753
9192
1990
7637
25
3894
1831
7894
3609
1237
3364
1461
4315
3310
4524
6663
5593
5534
3153
3913
2216
442
5854
7072
706
1653
1328
6501
7415
2867
7293
4581
6406
1525
3569
20
893
3840
5360
827
4042
5589
5137
8019
4358
6474
604
791
6440
8149
527
1447
6856
4353
4690
5093
1100
7318
5465
3027
6464
2433
913
3398
2260
6550
5074
8845
3198
7276
8747
2749
824
8348
1070
1567
945
6828
8972
4644
3664
8853
3606
4286
1597
7405
3543
1899
6614
1541
7349
9169
7262
5101
6875
4943
5086
252
6601
4497
7595
595
1530
8422
9303
1187
8319
6788
439
8684
8259
3706
2005
966
6721
1292
5251
8064
1507
5661
4354
3845
6689
5742
1504
3868
8262
1988
992
8402
3605
4401
3694
3852
8509
937
4674
901
6485
326
7291
540
6902
2580
5666
9160
6163
7411
1089
9004
9142
2059
8846
1827
3627
3905
4500
2800
239
6891
3572
4983
3594
3959
6968
5192
8743
6973
6763
7193
7107
2900
6183
1262
5368
6366
5991
8267
1568
6345
4935
953
2225
1581
554
3150
8308
8111
3101
9283
2161
6349
3152
5712
4376
4838
4729
3994
365
2979
1400
8217
1939
3409
9101
9136
1091
6997
5119
9171
7690
8542
2201
7061
9059
4950
233
8849
3282
3228
8941
7355
5107
8652
9215
7528
3492
8142
2883
1348
6754
8981
4412
7611
8444
1897
1486
1693
3570
169
7178
5625
6781
8660
9243
8503
8415
1768
6422
6675
6520
7555
7823
5170
6076
8635
9026
8449
5211
3526
6286
8515
2637
1954
558
8024
2815
8996
2239
3227
6984
9327
1079
8550
7361
6392
134
7065
529
1484
5875
5374
5763
1298
2463
5435
4614
2644
3793
9325
4169
5848
3129
6157
5287
4813
2220
5791
6227
6553
959
4831
1008
3661
4645
6831
341
700
3082
1762
6218
4835
6546
2483
6661
1560
4185
6767
3058
4505
7377
4926
1066
4520
4096
2514
6226
6471
6259
1513
7716
8437
4678
3612
5209
8379
6347
4119
3357
5643
2031
4928
1626
9083
6313
951
6056
7499
821
7395
4579
1779
4861
8739
7091
2928
3078
6447
8710
1739
4333
6390
235
2707
7023
8315
28
3362
8279
4389
6948
8143
5403
5398
1449
241
2180
7402
7088
699
8712
5247
3295
8630
3954
7246
3184
2437
5510
8502
6765
2962
4770
7033
8200
5173
6859
582
6302
8378
2118
3555
5672
3471
6418
8925
5201
8318
4380
4099
5134
8824
8596
867
9117
6566
6285
4805
5386
2465
6137
8639
5501
2611
3682
784
1529
4664
5393
3352
8441
3465
4012
8527
5755
8609
7523
7808
4506
9012
1225
7912
2585
5470
3372
1308
2581
3628
535
7070
927
4877
8669
3219
4138
6787
9017
2723
3762
7530
675
5229
9113
9033
4262
5149
1319
2709
7943
7941
7357
9193
6958
5509
8986
7947
629
960
5876
2776
2736
6105
5183
7434
9218
1152
188
6597
3564
3167
6637
3702
8070
7810
7921
5310
8282
324
6953
2760
8745
265
5489
6965
1023
1360
7980
1081
3047
5645
1241
5817
8617
3076
6443
3554
3540
5629
6118
9182
164
1116
7160
2782
6549
1279
2387
9232
4609
1405
5108
1577
8593
7820
7675
5126
5491
7757
6676
8156
9302
206
1802
3089
2947
5963
6626
4069
4115
1136
8471
2721
6930
6439
6249
7612
7155
7650
1719
6822
7145
3006
1536
8116
4146
280
7725
7258
5679
1794
4629
2255
5897
3251
102
5842
5195
7358
3558
8726
7485
4970
2087
3036
4679
1370
74
2820
4568
8730
904
119
4938
7673
4193
7999
2847
5919
4622
1570
8636
2882
1695
4411
8546
2659
5671
6229
5749
5881
3798
448
4479
6513
5085
596
1518
3716
6762
4408
7833
8227
4969
6358
2138
354
5109
8164
6310
4687
3318
3775
4371
6331
8003
1001
1192
8858
3765
6084
1022
5863
3603
131
6734
5792
6846
2987
1881
2529
3174
4661
8689
3394
3052
5649
8205
3792
7337
5167
5644
6756
6843
2432
5744
1003
4235
4763
8598
7263
4368
8922
2575
6272
1801
7957
2754
4792
2978
7795
255
2951
480
8223
7418
2515
8723
6121
7329
2441
1797
4113
437
5021
5038
6308
3505
9051
6475
3447
8280
1471
1251
3681
9320
3124
3450
6991
9288
5538
6374
4701
3659
1675
944
4077
4873
7431
978
2130
3789
9369
7472
2625
2523
384
2011
1131
1384
5307
1780
8230
877
3121
5017
7533
1247
6667
6745
8523
52
7594
6547
242
9291
8354
5062
1082
7891
5653
2795
4956
1197
8467
7821
807
6260
2710
4056
885
8375
4179
8980
6032
2777
4343
1702
6361
6989
638
3260
8932
8790
8297
8126
333
1474
6722
7336
3315
1485
5946
7469
4630
6823
555
1772
6600
1604
7409
2875
361
743
8748
3118
4804
3267
3266
5486
4428
800
1194
920
7751
6156
4623
5232
1782
6096
5764
3160
8173
6182
4952
4298
6434
1997
3333
7245
7021
7416
3306
8811
2768
8406
3252
1761
1358
7664
8320
2622
534
3037
7575
2809
6816
5118
525
7744
564
1161
4569
4114
6297
3016
5942
5199
5889
7987
805
2910
2827
9216
2926
7878
3926
2735
6436
769
6370
3312
8247
8638
1106
6664
560
5291
3010
1113
8357
261
1174
3604
4127
4417
4978
8330
3314
5895
5111
5797
7119
2684
8103
8601
3519
9153
7927
6059
3126
449
2276
8817
4836
8497
2642
6149
1362
1817
1073
8114
8966
7400
7133
8185
6172
5220
8671
1524
8539
6610
6497
5276
6593
1553
4136
5498
9114
9380
2009
621
9046
3468
8337
6607
4089
7977
3084
3215
7862
7138
91
4717
4076
5186
3719
7202
3631
9127
7156
3113
6355
1158
3989
3560
9364
7294
507
3587
2064
8127
2203
5781
823
7011
2628
6328
5768
6775
4929
3412
6617
1927
6278
4846
7651
6806
8663
5013
4988
7486
7004
1685
9071
6725
506
8291
7979
777
1387
4214
1624
8263
4027
7478
8644
9122
8294
472
9009
9386
7467
6657
4336
3373
6872
2788
557
7801
383
8793
4927
9262
1816
5647
4548
956
8973
4431
6402
3230
2528
2224
5992
6896
224
8833
7674
2365
6237
7510
830
4973
6748
4710
3018
8145
7568
906
4659
3302
6949
8453
5320
8608
3948
8236
3402
8510
4698
5146
2932
444
6510
6420
1452
2664
884
7060
5670
7384
8649
5575
8407
2660
1904
466
7487
2340
2093
219
1039
8322
7928
9206
8144
8572
2850
4666
2181
5565
8766
1710
9029
652
2378
5572
2354
4164
2101
1500
2144
327
4038
4393
4154
3816
1013
3176
987
4675
1353
1837
5075
5340
1372
6452
3062
2941
6701
6556
633
5363
2702
5783
3718
6625
6204
4660
