7617
6838
5829
3254
7570
3378
7343
3225
4862
6908
964
9268
6354
9296
8711
303
143
3902
5640
3979
2381
1049
3755
6273
6200
7620
251
2949
4040
3392
5806
3332
1400
7081
4441
3749
4486
5290
8483
7220
6127
7555
5649
4346
2276
3927
162
6936
8277
2799
3345
4813
9029
7959
7811
4089
5453
257
732
8521
7106
3194
9006
6373
1834
2829
8409
2420
2289
5334
3110
7544
8588
4962
5684
5717
8392
787
8737
8359
8657
8906
2194
974
5617
2319
7829
4139
3495
5752
6445
6846
4348
6482
8882
8168
7450
4287
1072
2888
1650
1329
7663
1807
3450
7248
1488
462
1728
1580
664
3410
5239
5612
8501
8805
4524
9075
5574
5668
2398
5676
3330
7166
7879
7773
6164
4970
7967
6788
9380
2944
8307
4775
8903
2321
8350
2646
4630
329
1905
5624
450
6339
1705
1741
1325
8256
2187
9132
4237
8592
3168
8340
8155
9312
6068
8492
6655
7269
800
4909
8572
3457
3004
954
4947
8991
382
3722
6713
8046
9036
8840
3075
8988
4281
2622
1505
4807
1062
2867
7262
8897
7573
4700
8355
9120
8639
618
1967
2760
8618
8665
6395
4198
4892
1943
7637
6897
3256
4546
3690
1309
452
738
8515
1955
2928
6204
9069
4133
9084
8326
8597
270
5813
7952
4889
6938
4151
6430
1063
6764
6313
2698
7347
4217
7073
349
158
6097
6569
7658
4773
9318
8448
8319
2631
7722
7509
6409
8870
4707
4633
3350
5177
8030
9215
7697
1224
1404
2708
209
4861
6286
4545
6772
6392
8171
1679
8992
176
810
687
6570
1621
3220
1143
5538
5560
2005
745
5791
578
6930
6684
754
8287
3158
2525
6535
8083
268
245
1725
739
5763
6531
8496
7463
4698
9217
1714
3191
8044
2393
2116
6326
8178
5384
4908
6852
6067
7288
101
3950
231
8208
6805
1950
8209
6906
7001
7035
3346
1396
5995
8068
6365
1121
1603
2291
5715
3284
3258
7725
1608
7564
4427
5091
3374
6653
3025
1010
2318
7698
797
1109
7310
8333
6745
4070
305
5981
7867
2093
2326
1032
1696
4484
8196
9090
3758
5170
385
2074
5774
1686
9011
5699
5901
4402
9340
8111
2587
2384
7275
4087
9192
6663
3485
1082
4819
4186
7135
8329
86
2338
1070
5748
5771
4195
2255
8759
194
3290
4960
8804
2956
2688
5022
6909
8121
1498
6545
6461
2028
6600
4077
8866
7743
7787
3362
9141
3160
7452
3978
1486
1996
4303
2514
3232
9021
7241
1220
4555
8968
211
5518
4168
3296
2495
1583
6484
9041
8704
8517
4890
6565
7521
2040
1267
27
6573
6442
3010
7143
7640
6700
5436
5342
1130
4218
4830
7004
4912
3900
5503
9165
7843
4282
7794
4914
3341
2015
4785
6837
672
2964
533
2521
3439
847
7803
6758
929
5105
7045
6205
4528
6564
3637
1793
4466
8391
5180
3381
5712
1264
1455
6258
8079
9205
5569
5142
5610
8035
7930
981
4516
2340
5425
3205
6015
5129
4220
9121
4685
5101
8041
5051
6125
6050
9371
2009
7775
719
4464
2303
5707
3124
6096
8640
3809
986
7613
1208
3542
843
2793
6410
3316
8270
752
4476
2789
5475
8748
7360
5113
5666
1482
2132
7780
8691
8616
7500
5018
8984
3699
6671
1560
8114
6190
5271
4717
539
2527
3340
5527
878
3642
6796
313
6824
5259
4730
8074
3676
1626
2230
8570
5833
8885
1926
446
6679
9244
7836
7876
439
594
8254
8566
6181
3434
2910
3139
1377
9101
5607
2124
172
9104
9067
1135
5210
4449
1213
4184
9063
4239
8791
7582
7925
261
4482
8898
133
1615
7593
2725
7982
7801
5355
1739
2247
849
5902
6196
6522
3328
2128
4479
5184
527
398
3559
2138
9024
7298
4781
657
7071
924
4097
6917
7896
6927
5923
973
7808
2096
501
7209
1969
3271
1337
7413
3931
1888
314
8449
8456
2269
2972
4057
1025
7920
6683
3006
5657
3108
8623
5778
3211
7334
22
2431
4341
870
4176
7370
5648
3247
3994
7821
92
2333
2576
5118
5140
1730
4674
6160
5300
7240
8081
9260
7979
4180
5576
4100
128
5810
8328
5199
6316
1418
2268
8958
5331
2254
6390
3833
6480
8696
8654
2176
6438
9239
6798
6143
5061
5859
6157
8689
2588
7335
2986
7230
2561
8920
9068
874
7177
7556
4095
8187
6650
3428
4574
2830
4570
358
6038
1825
2607
2142
3693
2858
424
7002
6098
8548
650
7008
9023
3963
259
8408
7000
255
895
1723
7559
3134
984
8912
7877
8716
7913
1781
2620
5627
6435
7901
2637
2510
2165
6630
7055
8218
8712
3592
5662
8193
728
3896
4112
6079
654
5843
7373
2990
5804
7562
1865
7678
4478
2562
7692
5403
610
393
8201
2535
3078
7677
4275
615
7425
2073
1596
2658
1289
3627
196
5854
