5112
2991
7441
3460
3555
6854
863
8723
4353
4902
4608
4183
1755
1109
8800
4576
7174
6618
6098
856
7855
5543
6702
2988
6808
5479
2890
7454
3885
3285
4887
1759
3936
8827
1946
2810
7309
6638
8964
1337
3251
3563
4473
2117
4739
4643
718
1645
352
7281
7200
3594
9313
6315
5319
6768
3221
6654
3438
8119
298
2206
963
1403
869
4266
6363
517
8289
6066
3485
5589
2532
3275
6497
2660
7550
1229
4985
1998
1756
6093
2371
8169
4709
7803
1709
6496
2347
5091
3860
3588
4472
4826
4838
2488
6189
2093
5383
1722
7896
118
8697
2322
5725
801
8608
5302
4328
159
195
6630
8739
4986
263
2183
3513
2968
7737
6461
6457
115
661
5226
2925
9048
8501
3339
7451
7809
6692
7750
1416
2905
2167
7184
1874
5701
1354
6286
1943
1484
522
5387
2331
1100
1506
6367
8782
7528
3115
3434
6740
249
2393
4377
5511
2061
7239
8347
2735
1769
8152
437
7411
3683
5783
920
5118
6512
7290
9352
9234
8995
629
1950
2278
9273
7121
4651
486
8519
6381
6500
6606
6843
1789
3170
6281
2011
585
5980
8386
2571
5698
6656
7642
373
7088
7328
1257
5741
8110
8096
229
6942
3258
6068
1550
1921
2944
8224
2825
8416
2204
3483
3028
8324
2188
2157
4140
1246
5252
4767
2530
5549
8478
5684
481
2229
4653
69
427
7070
4382
5417
4270
6365
7718
4581
7953
5186
6883
1837
5742
1700
2136
5298
564
7833
8857
6578
3273
6887
9314
8772
1868
234
5238
9173
4450
4061
3456
4861
2280
3151
2746
511
4855
1157
2357
4664
5286
8030
4930
386
1369
7316
9230
2181
2934
2889
422
8283
6551
7221
1760
8450
4864
208
1168
1183
8522
7655
4675
1611
4787
2714
3655
3863
1775
1926
5388
751
4003
2265
6757
5939
5450
7466
4083
8341
1704
4476
4595
2374
7547
5180
6483
2391
420
9315
2618
2506
5957
8465
6599
9238
8594
3307
4046
7625
3816
1652
9154
3159
8459
6105
7019
7278
4726
6610
9306
2915
9225
8489
1680
2921
1605
8532
3133
3963
1421
7736
3928
1249
3771
8898
5515
3256
1810
8303
6980
1986
5790
4768
1964
2531
8024
7716
5544
5685
4200
6220
7506
1454
1674
4327
1780
7107
2495
8178
6733
7461
2361
3802
2535
8996
6160
7565
5167
6586
1656
4656
8773
7161
759
2221
2751
3856
5985
5095
8319
804
1530
2286
4958
199
4489
4313
8385
4926
205
8475
4321
7657
6130
7756
4098
3883
5576
4301
1735
5645
5433
6117
1138
3591
2842
5610
4545
2130
4163
3740
3977
6920
9300
2994
4179
73
4858
1648
724
4155
3637
1616
686
9065
7261
7014
6228
4541
2198
7250
5036
4213
664
6772
4633
5683
8407
3488
4605
7131
7956
7629
9299
3853
8949
3823
4398
6036
401
4783
5810
2249
5632
8041
8448
2283
3366
3776
57
3484
354
1225
8846
1532
1599
46
7599
6528
2194
8176
3800
6293
6049
6206
5519
5271
2404
1587
1433
7616
5480
2521
9359
1691
3076
2847
6616
4514
7986
4045
4048
8280
9005
5943
7329
4133
7758
3811
4850
7545
5100
293
3861
6905
8706
4244
7539
5389
5001
3072
9282
4774
927
7523
4107
4796
211
6776
308
1175
7924
7884
3110
6205
1140
409
6880
5851
3548
4782
1474
4119
4676
4801
4322
6076
7249
6536
8873
280
5759
2386
8890
1098
9366
4402
692
1206
1962
6665
7823
3770
1570
6284
4053
5853
5605
3245
930
2631
6129
6498
157
6302
8828
2500
1429
7713
8481
9082
2979
3512
7548
8078
2054
8346
4276
3214
1180
4143
7916
1380
589
8237
7072
4005
1598
3373
4006
5578
169
3027
9378
59
8333
3734
7319
5628
4050
4613
8112
7739
8379
3970
9197
7442
1503
5217
1933
8046
7375
4182
2370
3777
5404
3412
7142
9174
92
5863
4287
9158
3930
750
9031
6257
1681
5175
4442
4990
2546
5072
10
2667
42
672
1622
2594
5079
5752
506
3681
9026
4776
5437
2211
2666
1189
1925
8133
5401
3744
1518
3081
2320
9185
4695
9038
7777
3609
5017
20
2441
1637
3431
1053
1906
1896
4038
4468
7662
4631
5931
3198
2904
806
6288
3305
246
5153
508
1901
1245
6503
5294
9328
3209
4060
2541
1174
3654
4929
2471
3327
1280
2323
5412
3998
9017
1696
7327
8776
8997
7395
3338
8188
2408
7894
4057
3297
8239
4458
2237
1805
8989
7862
6282
3530
1742
26
917
3629
6653
3398
88
3080
5020
8434
3017
4030
3836
191
6473
1854
122
1956
4794
7008
5287
1799
4612
6985
6356
3505
264
6241
2971
1546
2464
8019
5734
8889
2329
387
8528
5692
391
7489
5094
3050
4964
6230
5573
8693
3075
6138
7063
7165
3842
6201
8549
3449
5781
6142
2996
8777
657
4330
3467
5431
651
8045
7065
11
1509
2364
1624
1969
1997
4362
8162
7450
5527
188
2591
6494
3911
350
126
8734
3061
8295
1838
112
8202
523
221
79
4381
6388
137
5787
5707
7453
7721
3419
1590
8086
8916
5608
4728
7106
9202
5730
8393
4987
5923
2817
8167
3186
1296
8054
758
6524
5888
6716
219
9108
2055
7557
921
1908
2399
3679
7170
6398
9276
7639
1809
4241
1671
44
7590
2715
8076
8638
1581
6703
7920
8613
328
3846
5065
344
5563
2396
9379
8449
7870
1004
3140
6954
7318
1649
3515
444
2208
3018
9227
5174
4493
7658
1179
198
5012
8200
360
2584
5886
472
281
2116
5432
5743
392
5815
8977
1230
7205
4269
2498
4840
8640
7741
5392
6981
1540
2749
7130
2940
3814
9104
8158
6977
6233
1007
2161
3690
4549
4814
3408
3374
636
261
1237
2590
4978
7409
5828
2708
2949
4004
4939
1580
7951
1107
5567
3206
4031
2814
7420
3205
7168
3278
7262
1821
1899
8439
8603
8486
9333
5993
8405
3799
8479
5173
4727
4624
3796
2603
3116
8482
6998
1418
8601
3506
1184
5755
3552
8070
7825
4389
8897
8914
691
8896
9268
9218
5258
3672
2781
5708
7288
7053
978
1856
1181
3078
4390
7514
6083
290
1972
3404
7691
4658
787
3031
4086
5763
121
5322
6239
6508
2557
1281
8816
3818
6149
7978
5780
8783
7447
7722
7735
881
1954
4181
857
9220
7560
9324
9318
854
795
5617
8294
8254
5022
6969
7771
2228
4798
5441
9277
4761
6734
5449
4367
7789
7826
52
4524
6589
1884
4881
5202
2470
6059
9207
2744
5836
6188
8255
4260
8574
4593
5178
7324
9177
9041
6598
2565
3355
5197
4478
4420
4609
394
2966
5011
9278
7786
5710
973
2588
7919
5674
3254
3207
1716
6948
3938
4961
1576
4630
8417
4737
6871
1458
7892
8721
1038
7192
1654
3054
8099
2829
3543
4318
7567
6668
2879
4100
8979
5147
5143
3413
6830
5962
8855
1892
237
3843
310
5880
4338
7114
6784
8966
4166
1462
7733
5439
1391
6337
4588
2024
8849
5055
2568
5403
1261
9083
1393
397
6531
8802
826
8632
7704
3328
9027
5077
3884
2234
239
3142
9221
688
5736
7866
8284
7117
1063
7708
7989
7002
2648
5870
7095
1367
7364
6504
4274
418
1977
1271
1043
4067
1376
7069
7077
7960
6625
4903
3997
1266
5955
8575
1794
6087
7532
1646
851
2317
6326
9289
2434
3084
7793
4941
8425
9259
7984
3188
7390
8961
1233
2668
8760
2075
2131
8485
8893
356
4635
6140
2171
0
5996
4311
8264
2067
8349
9073
6423
7726
5172
8281
3999
1617
7098
986
3627
7031
1885
1746
526
7358
4114
5956
5368
8140
560
1634
2858
7606
2843
3987
6559
1765
8147
5344
6952
2536
1843
3225
2513
8822
4634
4188
834
9022
2073
3973
5798
6792
5356
2255
8525
2574
1141
370
247
6875
684
6608
9284
4091
3792
5292
3766
1975
9054
131
1852
8793
8273
7392
7816
2989
8285
8742
3363
3239
4705
1840
4109
904
7511
7782
5361
2469
3493
5084
4856
2491
3086
411
7303
5434
7040
8234
8146
1059
634
1186
6321
2443
2174
8201
3533
3013
4424
4988
6131
3839
815
8516
1194
7484
1268
2123
7180
2570
7549
7408
7869
1016
2239
6785
4416
4135
1155
7355
8799
3057
4235
3048
6264
2038
5218
1739
3242
6896
8944
1678
9261
3377
6572
4023
2780
7434
2169
3960
9150
1303
5424
507
1825
3899
2560
111
3953
2166
6425
1578
3520
7576
4911
6771
258
7958
4831
8182
790
1833
3166
5498
1922
6673
730
2559
5574
2095
5533
1205
2275
3287
8521
6779
6835
1105
375
4024
8311
3732
1831
5192
7357
879
1675
2627
4206
4582
9119
9044
6684
756
349
3230
3332
209
3266
7427
8963
2936
3227
620
7679
6906
7680
4233
6649
6687
591
202
2297
1494
1283
7554
3499
2902
1572
4421
3574
538
2170
8008
8900
2414
6090
1342
9267
4077
6994
8354
5614
966
1482
4066
47
2691
3397
2681
7588
8369
5165
9326
2242
9380
8687
8149
6358
336
4947
6783
8023
7304
5986
6211
2385
3624
3730
9369
3673
4271
3631
833
4320
6742
8815
6099
5649
8860
9100
1258
7669
628
5500
7522
533
565
1207
5697
4211
4777
8186
3428
2752
1609
8888
4657
6452
2522
9271
9161
5321
6979
5038
7712
2577
78
9375
6307
3079
2285
8298
8002
8246
8092
5049
2349
1378
4758
1778
4136
399
6370
1574
6829
911
1331
3966
7668
8951
154
582
2125
1839
9175
8429
6373
2824
6028
7054
1924
9043
5393
699
1669
4438
2766
4115
5391
7895
1958
6588
5240
4982
5895
2811
1167
6463
443
9053
7992
6930
2605
8507
6344
4763
3046
2192
1091
7561
7890
7268
933
1978
1806
888
836
1113
2268
663
5230
8611
2575
8568
1238
2354
4239
1665
8867
5272
697
3350
2026
8052
2301
3427
5749
2705
1987
6685
583
3808
5919
6596
9254
630
8558
1440
1952
105
120
3519
6521
6437
3940
2634
4799
518
8712
323
3539
9028
6853
4499
6715
3750
6789
4339
1289
8807
4752
4391
8699
3443
4703
3502
1158
6812
7026
4503
3864
4314
9046
7598
5078
5671
6975
2035
2199
1050
4007
2782
8779
3968
2460
9074
5056
820
4679
4221
6919
1338
7286
8296
8792
6064
8065
5806
2232
4164
3748
3896
6701
278
8853
3055
2972
9071
5048
460
3866
2759
2028
5099
2236
2338
3939
5595
7067
5255
1601
4207
2649
4755
7656
3915
1657
959
5307
741
7683
2159
4910
2256
5720
4122
8102
5537
6643
6800
720
9033
576
3095
8982
7702
2935
7710
3296
2740
1003
6187
5536
2079
81
603
6516
5960
8829
4700
7459
7725
2149
7644
7416
4729
4457
6916
1900
4808
9310
2606
6601
8876
8955
5236
9116
3341
1541
6529
2089
3083
4812
5413
2948
5842
7505
575
4708
7649
4991
9067
1275
8474
6819
5148
7350
7760
1528
7906
5929
6904
183
8085
4283
8652
1103
5706
6755
125
783
5553
6389
151
499
4336
4894
2736
1537
7141
4712
7370
1543
8290
6735
8048
595
2823
8570
67
7646
6552
853
900
7136
2543
7422
502
1450
3343
4579
3556
2899
1413
6336
9129
1068
3228
148
5051
2104
4000
3257
8160
5932
1262
3756
8367
2775
2676
9347
3365
1264
2986
8350
9018
7101
80
3676
412
9348
297
9139
1253
7242
3985
1402
4953
8696
2663
5386
3141
3634
1740
5599
4505
449
24
1521
6459
8445
2838
7926
1741
2247
1118
1021
3974
277
8841
6859
3263
8443
1577
6744
8120
4949
2657
2621
1724
7901
1909
4267
7270
6746
848
6959
3203
8457
7351
6944
4516
4805
5590
5948
7628
1683
4852
3822
8757
6748
2982
7635
5243
2475
5131
4550
7347
9182
5159
5360
8232
5580
4750
6426
7751
9297
2363
7333
7966
1360
7194
7959
1643
3994
5347
5235
6175
4312
3065
1214
9007
4570
5436
6015
4397
7275
1992
4707
7542
63
597
6915
1220
5976
9099
6945
1903
5120
6514
4519
7292
1483
2009
6947
4667
2793
882
2867
7538
1733
7012
9079
1396
6287
6397
8720
7830
4865
6231
8761
7573
7020
8673
9002
2147
5204
8309
3154
4229
9307
9144
3340
3316
3383
2113
3944
2419
5789
4257
1332
3407
4009
5248
4156
6320
3317
2260
6486
6474
390
2645
7448
3216
7985
886
3551
7593
3907
7650
7936
4611
8934
4364
5353
8326
3381
4681
7183
8050
9172
6479
4430
2797
3314
6476
8927
5081
6936
4039
487
2477
8049
3844
5724
6475
1136
2453
7875
8403
4471
1628
96
2077
6788
266
8557
6272
7524
2219
7138
311
9209
8351
6899
3972
3424
3465
1814
975
5785
5655
3671
862
8724
1127
2158
1407
419
8477
4041
7979
1006
1842
4650
6265
4116
5314
1890
6368
2716
7508
468
4157
4740
8496
5585
7202
5223
8145
8084
3375
2129
4800
6244
3603
1714
6585
802
3503
2628
5026
381
7196
2103
6778
4419
5933
5169
5209
5850
7812
1144
1457
433
1663
3126
7808
6767
1702
4387
2958
6035
4723
9222
4124
3568
369
4443
3749
4999
3728
325
3405
2638
7611
5397
2315
2650
7400
7915
3838
222
6868
4842
7518
2312
490
2975
5905
7907
2892
4817
7773
998
2182
6146
5300
4857
3996
9186
7081
4533
1304
2390
9332
5265
762
7527
5305
8545
4240
2353
3558
1223
353
8599
8005
2734
4379
8150
4518
5384
2455
6534
831
678
5000
1213
7050
5540
4577
4097
994
9086
5162
2742
7783
6960
877
51
2376
8272
4668
374
8305
7734
3798
5333
2970
9035
4500
2789
8537
924
2505
4873
8212
1290
1106
5345
2769
2960
2485
3805
3379
2549
8366
7942
6712
6409
3213
1808
696
7226
2514
675
6736
5155
8352
7201
6092
8228
8436
8605
4558
7279
7965
196
5514
8257
7604
3359
7216
1804
6622
7891
4957
8143
867
321
8205
5098
5796
8901
4487
2001
6348
5936
1274
7584
6422
7481
5086
7380
7723
8494
3596
5586
584
6176
1941
7439
8933
9109
6417
2833
4105
8210
8682
5440
5975
5982
4625
2748
70
5854
9349
4392
3538
9365
1084
3090
6911
5310
984
77
5126
1595
6157
7367
6044
598
299
287
1269
1743
8560
6615
4120
7384
3091
9317
6874
7813
3613
5109
9145
7016
4797
3108
6441
1324
2826
8634
6171
2874
8214
8338
1441
2615
3632
4623
7842
1423
2917
1097
2023
728
4002
2409
1405
8692
3478
334
1588
5239
5183
5766
6579
6814
685
9358
1349
6484
7345
9170
177
5835
6555
8166
1544
6258
6346
9149
988
6605
3630
2452
2696
1232
7363
228
4242
556
2215
1292
2762
5925
5381
6472
7665
2911
1817
1796
1156
2356
1682
1604
9290
8945
5718
5241
2270
3269
2885
5164
7801
3157
7217
5516
4191
8861
4526
4948
3710
3576
8660
5296
6430
8360
4592
8515
1495
1970
7961
2525
6179
8694
666
4876
6194
466
3041
4538
3664
491
7732
7025
1666
6046
3567
3442
2223
8497
8153
3368
5613
7488
5061
2583
8559
4025
7159
2346
3761
4246
2640
6067
6590
4696
5592
1851
3369
6185
3337
8252
1040
6274
4886
6100
5037
5894
2700
8026
3713
6525
5127
610
4839
4745
3114
5767
6380
827
7179
4772
2172
6296
5838
1397
7619
4810
2398
7839
5184
6251
9212
5502
7056
3217
6675
9189
4891
7899
898
4408
3643
6305
964
5076
7405
3882
5457
5959
4341
3969
5862
3711
66
8095
48
6080
6848
3794
9250
5394
8736
1712
4773
2919
5775
5958
1862
5313
143
7703
7047
926
286
4358
2337
3767
3933
4904
7997
3361
9345
871
6929
2961
810
6317
2254
1991
2772
8957
479
7503
2118
2654
2985
6007
7857
1565
1627
8068
1161
6017
4621
7073
1340
6765
6908
2690
7851
9176
5379
8154
6039
4981
2672
9386
2004
4441
6931
6592
2508
123
4462
6845
8161
8909
3150
6704
8747
2271
442
398
4923
3858
4568
940
9123
6256
2717
1309
667
4523
8134
2803
3781
9030
2164
9243
1215
8227
8421
640
6063
5135
5826
6030
6628
2098
8932
3565
2501
775
1094
8336
2063
2587
5991
5677
6464
6271
509
1073
615
5232
800
1947
7027
9093
6518
4180
1999
498
7595
2724
6058
3809
5446
451
5496
2008
7149
4766
8994
9372
4837
3174
3043
1559
7178
2304
6865
9138
832
2264
6118
167
520
3364
5914
7694
3700
5200
4431
8775
8569
1904
1088
7115
7243
3652
1555
236
2875
7379
7404
1364
8127
5950
185
5680
3626
3440
6951
8942
3569
7688
203
1381
7954
4027
3703
6756
492
7973
5214
8659
2344
8527
8242
993
5709
8003
2725
5010
432
2006
6089
1711
7256
7280
4853
5261
2214
6338
2906
599
4406
2282
791
1124
1293
8250
574
1208
9192
7696
2365
4749
6180
4324
5910
7157
5014
7428
213
6070
9384
2447
2276
6972
2180
3633
5465
2039
708
3535
241
9091
7983
7903
5273
4302
774
4209
43
2284
1523
7301
5583
1051
7349
3082
1748
7535
2596
5802
2720
8470
3765
218
6970
8331
551
7139
1876
8318
901
2943
9320
7078
4167
7362
5063
8370
3622
3252
8261
3320
4724
4445
2139
1317
6641
3107
772
7432
7172
6731
4715
6971
6847
7995
7681
9292
6166
7093
5927
6416
4451
7436
2863
9097
2442
7868
4936
5194
9181
7728
3455
3096
6527
4452
45
8577
969
4644
5845
332
4380
6364
7912
8597
2044
6541
578
3544
5740
2764
3737
3850
4655
6421
3451
9055
4212
7904
1350
3125
5460
4422
7798
4033
6301
83
1110
7361
3678
3149
980
1439
1478
2718
6696
7709
6632
9241
7719
330
6245
957
8553
3585
1861
3304
4486
3908
6984
8105
2832
8520
6722
4557
3509
7902
1582
8274
2388
3330
464
470
835
6278
4481
9156
9155
7686
4565
7321
478
6006
302
846
6032
2973
7079
3880
4352
3768
4466
5340
3448
9373
825
1744
1145
3562
8866
5952
6229
4011
8930
594
4186
1200
7338
8051
1085
4258
8392
5819
8879
5846
3089
3411
1371
1597
4510
8908
8144
8839
3184
2642
1772
8410
8194
8286
1165
3995
8116
2739
2870
705
5538
1875
7519
8969
4756
1365
5899
9084
3164
2896
2778
4573
8644
5244
3667
1015
4553
3097
9095
2910
999
4407
2
6394
8707
4129
5267
4742
8833
1996
5359
977
4689
90
6122
1438
2407
8042
3471
6690
3660
1176
1242
7671
2209
377
117
6678
2325
4127
8247
932
7676
8036
7254
4866
3437
7124
8819
5866
866
6013
6510
7120
2424
2701
7189
3372
2213
8666
4627
1062
6956
3958
5201
3071
6580
3876
7888
1607
142
7452
7752
6581
5897
6277
5839
5254
7287
6060
7089
3893
2850
4325
3293
3092
3699
7787
6104
4076
6123
5348
6795
8762
8211
1259
3037
3685
7033
8665
8578
8781
7755
5033
7381
3560
7148
5992
6408
7084
2010
625
2395
6050
5266
8923
8824
3775
6884
1453
1211
12
7271
5158
987
2218
296
4860
7035
50
5215
2840
5811
4654
8705
3312
3156
4307
1019
3318
400
1823
6832
4277
5208
495
7472
8505
7155
1753
4236
7154
5225
9334
3284
5772
1923
1470
9336
6939
3136
9006
6428
2529
1092
8590
1
7935
5382
2857
8759
3122
7055
3980
8256
3769
1345
2070
4152
653
8709
300
1898
7900
7558
9094
3903
4606
4691
5262
4640
6873
3165
3988
3319
3841
8139
1961
7086
3011
6913
53
8262
6754
3180
102
5764
3479
4932
4412
2688
1737
8361
734
5448
3978
3420
4874
855
9357
7022
4447
4456
8473
1412
5973
1501
7586
2662
8391
7872
7975
361
174
5363
2624
2777
7046
6164
7775
9281
7413
7048
5122
5070
547
1767
8685
5220
4197
6881
1287
4249
1154
1718
1883
283
2000
3573
4080
3422
1075
1370
35
7623
8035
9087
1571
5654
3518
7374
2722
6406
1638
473
8238
2533
5402
5166
1011
859
542
3614
5116
2043
6199
6989
6488
65
2637
7848
1504
410
6276
4804
703
3605
3224
614
9272
5663
7861
3616
8948
3714
41
2027
6965
6275
4818
5774
3290
3496
7166
5372
2487
6575
5945
7128
8313
5879
6254
1871
2066
3898
2659
6897
8125
7654
1512
7556
2207
5506
6263
1976
6361
4566
172
2287
5857
114
1358
7740
7797
8834
3137
3914
7369
5640
3347
5935
2965
6604
7396
3354
6088
1235
2293
2922
7641
6523
8044
3262
3384
4294
4713
7877
4029
8015
5833
388
8587
6110
7305
5004
421
2300
4704
7846
5793
5422
4347
8715
6966
9072
764
8547
7804
1256
4521
4907
7181
467
1306
3948
9098
2074
8646
7
8094
5408
4306
1792
8836
2425
2957
8754
9240
7342
1247
5748
1551
952
7698
555
5682
683
3005
7030
2045
2941
8108
2225
1615
8389
9360
1667
273
739
989
160
2864
2920
5191
3400
5473
2984
4543
8157
1298
2502
7005
4361
689
1185
3746
2401
5800
5858
5250
1819
3536
6340
4998
6375
179
7807
3044
2261
2981
4259
3514
2754
3032
2644
8768
2592
8060
1664
1613
2555
1083
2509
4996
4717
2862
7615
8197
2450
8842
5518
4884
9025
8511
1968
2697
6663
3527
6026
1254
8809
4078
7551
7394
9236
897
7536
2670
2178
6204
3668
8817
8057
483
8825
3965
1917
6145
5233
5144
9381
4110
2612
7626
72
5291
2156
1608
8113
780
1573
4522
6218
6082
1853
4711
13
4940
2786
9251
49
3840
4770
3453
493
1626
3117
5855
7163
7811
4059
337
193
4219
1192
4682
2692
2599
358
8011
4286
1272
2020
6677
7260
527
590
2058
749
8911
1328
6679
4069
9128
3801
144
4617
7043
484
8328
841
153
6833
1210
8064
6806
5903
3045
2946
7100
2785
515
7049
8667
4955
8798
1080
6354
7150
5773
2795
1791
5656
9020
9125
9000
3060
7504
2383
6849
3395
6208
4744
5653
7240
1564
4546
3738
1278
3310
7727
7677
8596
3698
3579
4414
1479
1526
8999
3182
6268
3306
5551
1090
279
8088
1827
3426
8595
2964
1490
6243
8461
6072
3201
7152
8847
7449
2145
1299
880
3547
428
1781
7474
9368
7348
5224
6197
5874
5137
3726
7843
4284
2600
8356
1131
5690
4461
7009
7430
6878
9325
4841
1829
384
4497
1989
2839
6950
2230
3410
6153
5111
4620
5805
892
3916
929
719
2868
8156
702
2945
2040
2014
8413
8650
4488
7765
2732
7769
5369
510
2220
852
3855
7605
4474
3764
6781
7930
633
3983
8784
4448
837
1758
7910
4170
6495
4618
4803
1401
4432
8132
6545
9001
903
5329
9148
1190
543
3820
7701
1252
426
8363
786
7182
2794
2321
1074
9294
1621
1770
4647
2274
2791
5390
1725
9343
7475
2105
3653
2490
7878
7840
4016
1334
7885
6827
6259
6223
2342
1400
6200
9335
570
2622
5231
8126
7670
6820
3924
5370
8986
5856
7860
3335
9304
2492
3919
5968
6886
5087
1787
8010
1480
2799
2510
2655
1835
68
5132
8921
3762
2685
5427
6991
6280
8937
5490
4587
1519
3281
4639
9009
6372
1955
7377
7419
7110
5777
7499
4298
744
4051
385
171
4697
6499
9330
4562
1937
2132
3954
2175
7502
2119
2671
6101
3755
4231
6700
3094
1434
6652
4293
2504
5355
6025
5753
8600
6024
7881
2140
5494
8539
824
8651
635
577
322
2483
949
2190
8619
6732
3436
5716
1790
586
8746
4819
2415
8628
6436
2303
6012
812
7864
2564
7678
5637
6988
4968
7251
3101
5304
3259
1362
5634
5083
1012
7587
4556
2747
318
6821
3049
7957
347
6876
6547
207
9164
1596
8327
4954
4702
1693
8581
6237
7867
8446
5493
2955
6617
4196
5778
5119
1368
4811
9159
3508
1632
8495
2037
192
5375
9298
7929
5891
3352
5374
5018
1486
6191
8884
39
3211
4895
1143
1897
7337
3910
1731
3367
2931
4632
346
5664
7748
1153
5106
54
3601
6895
588
3392
6725
8426
4308
3295
8016
6458
4014
6963
7834
7003
3192
1355
6443
6219
1395
7334
6465
5728
4272
2111
8491
3144
798
3682
944
4479
5520
3344
8843
4536
303
4210
7800
3402
2176
3380
1498
1738
4659
5489
2712
6862
545
2142
1766
4326
9057
6311
4470
