1168
6293
4228
3032
3168
1103
8863
2054
2896
8548
4982
5911
2336
198
1458
3181
873
6643
5561
4658
7362
6016
3466
1234
7626
7563
1988
595
15
5672
4737
2962
3786
3715
14
956
3076
1114
329
3523
2334
5418
7588
8865
1191
1187
1460
775
4868
5633
1486
3704
7886
5643
3960
2993
5507
2870
8285
4206
5296
769
7205
8399
8587
1420
7718
4421
2753
6806
1337
3342
3347
8245
3845
7402
5150
1895
6926
1242
8602
5666
7640
8572
2743
7023
6020
9334
5230
6575
8502
5981
5549
8698
213
228
97
7107
3314
9136
1936
2333
2462
9259
4198
8853
8687
7548
1864
5778
7453
4665
4691
2521
2046
6394
1244
8592
7615
6903
1644
4251
1169
7376
3290
1729
614
6947
1694
7377
902
1488
9247
4908
4242
6139
4762
9383
921
8323
794
3792
6559
3
6839
5970
6907
9055
1162
271
2172
3479
3615
5091
9026
3248
822
4580
2125
5750
345
2986
801
3976
7721
36
2117
1793
6472
8373
5986
3668
7653
9315
4459
2203
6587
6386
61
9090
1077
9177
2528
6291
9263
3086
1547
5211
7045
7700
7679
4860
7239
5068
8561
6208
893
8677
4828
3543
59
7683
3660
808
8606
5569
3992
5660
4899
2288
3604
2957
7669
5935
6954
6504
8262
9092
7365
5705
5842
740
187
7534
174
3359
384
3589
5066
841
7447
7282
8072
1305
9307
696
5764
2361
4213
5780
5962
5349
8333
4698
722
2638
5141
8724
2701
2823
5484
7716
2973
2115
7383
3654
6277
1436
7446
7135
8712
3554
9118
8629
4535
221
4836
6584
6505
5430
7497
6026
1435
3173
6009
6875
2574
6910
2713
6841
5300
3322
6363
944
1722
910
5838
4354
4743
9005
1520
2416
8033
5992
8106
8103
8617
7539
6624
3820
605
8620
3498
1865
5861
7630
3783
8816
425
3285
553
6928
1254
7962
9239
8887
8349
2600
4757
4047
6415
6050
7115
940
7821
40
6068
4168
7687
733
6862
2302
9079
738
6036
6186
2483
5846
452
5721
5475
602
7529
3959
8796
7749
362
7335
9099
2838
6474
6530
5766
8562
7211
3150
7309
1086
7373
5648
111
548
8351
4331
2523
9388
9326
3437
7421
2839
1743
2043
2711
3773
3776
3058
898
2063
2689
1914
2587
5722
8582
6202
1887
7739
3549
7103
5878
5843
7883
3274
2243
7050
6888
26
2424
4636
1132
324
7221
9288
179
3907
9349
4555
7955
2618
6628
8973
4390
390
6327
3808
3830
7862
7187
3305
108
1596
6634
5897
8354
1555
6539
3035
2686
539
8899
5853
8315
6927
640
4767
1667
6677
8225
1055
7855
2149
5232
2176
3733
734
8449
3837
2201
4599
0
3909
3520
5657
1200
2123
4276
338
3159
7644
5220
3069
5547
9299
1180
7616
460
7745
8806
1721
5461
3602
3945
8416
5151
9329
2774
3288
692
7393
4992
6581
4989
4529
7332
9200
1209
8495
1879
8064
1117
9379
5793
949
2527
2128
2081
6920
745
1860
1272
295
2280
6586
8640
735
7686
7182
610
7685
5679
4749
5114
5799
4759
4957
6154
1065
7612
2217
5059
8176
8379
7914
5155
5879
3505
3620
5896
5802
2072
2848
5759
8971
4337
7198
8336
4136
3364
4764
7481
813
2152
6427
8534
877
3843
1038
650
288
1930
8027
1941
5354
2051
433
9309
1915
5938
5139
1094
5441
2482
616
2623
6446
4423
65
6731
7168
4544
365
7065
5943
3669
8437
4448
8595
2994
6482
4187
2505
5926
8265
5432
869
5102
7161
3903
6830
9213
1904
9342
3859
5518
7733
528
8586
2816
3404
29
1684
5265
6453
3042
185
1335
2148
6859
2515
6763
7561
7433
76
4590
3156
8034
3984
3241
2537
1943
2759
1293
7904
128
8771
9129
8478
6025
922
1540
1150
7298
7531
4363
1312
1116
6249
8312
1185
5118
7212
3865
6271
3468
9008
9109
5693
3185
6993
4464
2980
8100
7833
5346
5535
6067
7646
8347
6909
9067
5143
1920
2448
9057
8954
3875
2284
274
1115
7219
6847
9040
1567
3227
1776
2990
2246
3353
4181
5976
915
8904
2943
9214
9093
5997
6425
5222
5121
5263
7292
8014
2935
4430
3233
264
7850
7119
1017
3745
6524
1166
1931
8526
802
3506
7759
3201
7642
6376
2706
7629
1710
3135
8663
6672
717
6982
8693
5042
3595
7847
2311
3583
2954
4966
2391
1255
8536
7389
3193
634
1483
5332
4703
8604
8038
1962
4817
4117
7209
4540
6785
8205
283
2511
5546
2085
3310
7902
1841
6121
8531
8019
3124
4013
8885
7231
5650
3336
6921
3457
709
4079
2295
1801
1237
8039
3782
3998
3608
7049
864
5489
1947
2606
2966
6653
3710
1582
5474
8728
9227
5646
3752
8122
8458
1719
1199
2060
4852
6665
672
3921
7286
2415
5889
6549
3774
1177
8028
2757
4680
7592
480
8455
1916
3155
3133
7385
4956
30
587
2397
6389
1679
3597
1786
4164
3565
1098
1404
6439
5101
8936
7729
6739
2509
677
840
2131
4886
4787
9062
7039
5946
7949
2902
7775
7848
7568
2543
6400
6727
1781
4199
773
5571
4018
8861
5534
3512
5609
5768
9063
8784
3127
1681
7297
5429
60
6337
647
7305
4166
9295
1192
6103
7009
6746
2540
8150
5124
6344
5916
1163
2275
4932
2285
4084
785
6462
7689
474
4233
3349
4352
8447
6917
6722
3485
1331
4412
726
4612
8091
1401
1462
2946
1231
6535
1186
6511
2486
7224
3521
7265
7146
7416
6656
4316
6998
4040
2343
6225
5352
284
6676
855
3004
1207
5071
2375
8843
7435
1771
4143
8444
7546
5165
8930
1359
4531
1175
8919
2005
4897
7938
3261
3700
7026
669
1315
8295
7903
4378
1592
8431
385
1023
1925
7688
2778
837
5084
1553
1649
3483
4797
8668
7758
3277
5386
9381
8382
4833
3579
2864
7643
8965
8134
1746
7664
7085
1021
1799
8334
4816
8746
5443
3494
1737
816
939
1361
8436
1880
7059
4685
4173
2548
1772
4490
1383
1790
9371
8701
4395
5314
3851
8993
6769
3020
3273
3720
4608
6361
3330
6500
5447
6548
8563
8180
8062
8175
6187
1045
2255
1542
4174
6169
6385
6106
7308
3801
4280
6671
2660
8576
564
2547
406
1950
5193
7289
2535
7498
6088
1972
1642
7882
4493
7038
4484
1019
6323
1124
5158
2872
9205
8129
171
1977
2495
9296
6497
1409
1256
7020
1292
1619
7206
4847
7188
322
5762
4712
5710
4788
6038
3204
6597
1928
1198
1802
8438
6737
8465
144
4219
8909
1241
7637
7104
8795
378
1668
4815
240
5720
6784
2331
5691
632
5064
5044
7982
8060
2138
6853
2194
9268
4939
68
458
8123
1485
7330
4973
5619
2611
7818
323
6233
6468
8923
3007
835
4342
2793
3275
1658
7839
3028
6582
5613
4443
4831
7985
1902
4709
1690
963
186
5409
2569
7535
312
7129
7253
4947
6817
8280
6118
4062
5111
4487
6082
8094
4835
8957
577
5217
8250
8516
7860
3350
6407
6464
5625
5423
6774
1643
3703
4918
7080
1057
4258
688
367
685
5023
8182
8688
7426
4641
5932
7827
6395
2156
6725
7884
9107
306
1725
5157
4602
8851
448
7624
882
7007
3010
6636
5204
9308
5029
2377
994
966
7369
5711
1911
6541
7857
4275
485
6661
3621
8339
7783
3265
8731
2526
1387
7696
4300
7881
8575
5399
7361
261
2633
5348
114
8227
1136
2121
1640
1074
6218
5640
432
6795
3287
969
5442
9237
2009
1069
1876
8390
3516
8293
9292
1561
6318
3237
7345
2039
3445
4663
2015
2171
2632
408
737
5168
8817
4454
4702
2635
4974
4533
1073
5979
4965
1454
8200
6546
4550
4353
5367
4830
6669
2671
8171
4279
4252
5554
1528
7788
2204
2047
5235
130
7097
1735
7776
6534
3100
8998
4201
1
357
559
9253
8596
1247
5252
7508
5824
6413
1044
8304
2875
848
4383
4651
6498
468
2794
273
6626
7398
3365
8473
6418
230
4467
1400
379
4407
5301
3791
5322
6410
643
4819
8920
5094
5478
858
3332
1066
4650
8042
1838
5683
3513
5624
2926
8902
1609
6508
6685
5682
6467
7482
8113
6335
6457
5051
4127
1613
965
487
881
1295
520
2276
4893
203
8451
9098
3249
134
5339
7210
3151
4898
2768
9147
6051
6931
336
3309
103
8550
1033
8068
3222
3605
2887
2807
8369
2220
831
411
3225
4413
205
3177
3317
5999
2242
4845
6161
9382
6094
1129
459
6777
1636
2305
3313
2951
7605
1122
5389
5958
6654
4520
6987
2517
2261
3787
8829
3408
3539
5227
7029
2506
7313
135
3470
277
2499
5845
1808
5353
4444
8254
3988
5419
5434
3567
8057
4016
5689
1961
1360
2607
8105
223
8273
830
7382
5357
1211
5076
3975
4976
1537
5908
7631
1008
7844
5695
1010
968
1278
6568
5087
3655
3550
38
4404
3991
2020
2026
8375
2590
5055
1626
2906
7658
3826
8624
3707
8410
9344
6336
5037
770
8866
6891
6310
5718
4039
3053
5989
5005
6797
2368
3458
5450
2212
5687
2350
5298
2442
852
3967
3673
5899
8915
5715
3015
721
1097
2082
4574
9110
9142
8657
280
2230
8470
328
4795
9362
1249
8736
7459
1072
3596
8872
8162
2451
6645
272
8545
2992
7870
6046
5663
4726
2690
8558
7825
832
7608
6999
7595
7910
8110
2178
4108
2141
1016
2663
7581
1083
116
9385
3002
5829
1959
2695
3226
2855
4514
1082
1380
6570
7671
6990
1720
2122
1357
4524
920
8934
5270
507
3014
5207
8259
7509
3378
9088
3387
2936
2572
1807
4497
576
4480
4598
4341
8768
4970
3154
3713
17
44
5526
4175
2116
5577
