2602
843
5924
4800
8430
2141
6801
3226
7109
6619
2404
3497
7082
8529
8695
1355
8017
4640
3651
2395
3347
5026
7924
9148
2594
839
7771
6808
3943
3158
1750
8727
1595
2266
7260
9361
1643
3075
56
1729
5141
1803
4322
3619
2948
2437
8848
8766
795
6265
8419
257
2373
1870
6428
8893
774
638
3926
7321
3538
4587
6920
7229
6185
7015
2112
8131
4345
4737
5130
6621
4811
2237
6639
1074
4086
2801
5914
732
3065
4141
2831
1001
8051
8599
7900
1890
2405
309
2839
4577
7056
5691
5989
9176
1174
558
2640
9220
5500
3143
998
6732
287
8456
7256
8709
5430
414
5701
1543
5487
5284
6674
5996
5546
4494
6417
833
3886
6914
2932
1906
2504
9027
2065
4734
5063
8825
2224
3872
2608
6478
7784
4694
7586
6611
4519
5689
5692
2399
5517
3512
5243
1857
967
1279
5352
2350
5025
5956
8745
7801
4230
7813
7740
3218
7533
6946
3246
3413
6864
7530
4562
4744
6102
1942
6354
7143
7303
4803
5401
7436
2184
1908
4249
6940
6296
8786
358
9049
4527
7717
7043
2964
5068
975
4583
6642
3035
3754
3212
92
1136
4772
8367
4729
8645
7846
881
3573
2025
1854
3424
8255
4630
8724
6829
8890
7307
5372
286
136
7175
3826
5690
3855
5388
7315
8608
3097
274
2449
8406
6289
8344
6260
311
8149
3117
3970
8642
7495
2444
6505
9322
924
898
8865
1359
6178
3270
7515
318
7795
8437
2708
8104
8169
8268
4633
7828
5678
5228
1280
4130
6205
8032
8341
601
4940
443
5309
8013
2198
8398
244
3038
4625
71
7943
233
5562
7677
5157
304
6850
3283
1717
3024
4557
4554
9213
7281
303
4050
385
7485
7458
4371
3916
8062
5625
1812
7658
9160
2888
852
4104
6113
3410
6425
4247
194
8467
4374
655
662
3250
4614
9307
8221
6953
972
5382
5172
1255
1798
3445
2028
5178
4321
2165
4889
1330
8592
3560
4367
1699
88
3564
8252
5599
834
8152
4077
9096
7850
4081
2670
6007
91
710
6888
5015
3248
498
2001
4037
6201
6649
8052
1667
2429
2664
8213
1988
5863
5623
2761
1092
3641
7886
5845
6948
5191
7815
2808
2138
6438
2516
5638
8383
7689
2949
5587
6390
3093
4038
5294
4788
2216
4199
7411
8810
9093
4153
3582
3102
1779
597
214
5710
5981
8624
1748
2696
1673
3626
2346
8683
1277
6537
671
7069
1839
7382
2515
4999
3859
5102
6035
396
4228
3793
3209
2131
8208
1342
6220
5815
5674
3161
9013
7687
3200
7093
8327
8797
2651
2359
4243
5250
7191
3163
5613
7456
1773
1859
3880
5747
2313
7269
8611
8161
8295
8179
1287
143
7532
4168
4520
4049
1994
3121
8650
3470
3689
7663
7980
2762
1716
7376
5373
7006
3273
1472
570
7601
8981
1111
3781
6697
1968
8544
9293
2177
780
3557
29
1548
4881
737
6182
2928
8078
183
2968
5811
2951
2822
7739
4434
2461
2820
7715
4828
4375
803
5470
2539
1740
1350
8077
41
7706
2127
5649
6082
8050
2474
3080
1055
3305
5531
411
335
6988
4641
891
2819
4159
2553
6377
4088
4801
4855
1070
15
5207
5513
2093
6767
495
9042
3315
2265
5758
4085
6572
3731
8796
7985
6823
802
4653
1881
6020
1191
8667
3257
846
7869
7702
4261
9044
2973
3640
5429
8685
4928
451
6591
121
4105
1314
1484
1083
277
7997
4770
5964
8148
2725
1059
6057
8080
8287
1917
5445
6782
7598
4939
366
4662
5201
563
5855
6945
4177
8142
3510
3757
3355
8892
8961
5580
1653
4451
9362
4226
2302
796
7461
1386
1003
421
1861
6197
1433
8121
6246
2352
2406
5331
6723
4673
4014
3042
7183
3608
189
3168
478
4115
5060
7624
3714
8621
890
3030
8886
205
7147
4410
4922
2326
5257
45
6584
2486
6727
1221
1304
850
1110
4242
713
2086
8562
1958
2024
6184
1919
2128
2633
356
105
1742
7819
397
5887
412
2538
215
1517
4352
7442
617
9164
2396
1713
4460
8554
1736
8821
7301
5293
5304
7061
2382
3842
3696
9196
324
8763
3891
4846
7539
211
1079
5539
6693
223
5567
1745
3658
8180
3949
9374
4087
3100
393
3807
1143
1349
1661
100
3082
2812
4954
1691
5511
5601
3610
7967
50
506
7071
6707
3862
877
6404
5125
8076
688
2961
2513
4107
4659
5889
2174
2981
2631
4927
9081
5491
2529
4872
9118
9211
7211
8016
1959
4784
8775
7905
7310
5074
7583
7091
260
6345
551
1834
8677
5762
489
4208
5697
3474
8593
4366
8537
7245
8630
7375
6539
9026
2613
2254
3426
7961
5264
1418
241
1602
3366
2439
4306
9167
2163
5656
371
7843
4565
1493
9326
7757
666
1466
7377
2304
942
8137
1013
3909
7599
6593
8703
5454
3699
1234
918
7927
3297
5490
1459
7618
8388
5363
6513
2277
1388
8105
8749
3733
3567
3637
2941
8279
2774
5817
1209
4832
6822
4495
5802
3995
8234
783
5959
368
8872
402
1960
1352
8168
3647
8035
6284
2904
1892
7512
5486
8759
7934
4965
9128
127
4937
5195
8309
4563
5216
4399
6230
2838
6215
6374
1126
185
6124
1862
2387
6351
4313
3586
6647
5709
7214
573
5544
8319
3737
5558
5050
8244
347
8227
6759
235
7651
4818
6396
442
532
7595
6183
8111
4238
1730
8850
6339
6971
8492
3919
1660
3562
8260
3360
7115
2570
1580
3374
5146
1094
3341
1139
5985
4146
9173
5622
2976
162
453
696
757
1646
8247
6793
7494
3281
5064
2706
5072
6104
7423
6105
1477
5345
8600
3752
3701
922
739
8788
3898
5923
8360
2913
6348
5636
4069
5832
509
1232
8426
1587
4053
2843
9354
6636
9159
7451
6902
3665
7368
8707
6973
6061
3378
1240
800
417
8817
1274
5204
7453
6453
1357
8033
4805
5583
2566
3543
6525
2530
6730
8220
6562
7906
7357
5057
7287
3167
3596
2522
3553
4225
6834
6869
1443
8863
914
3692
947
7238
5230
8946
700
3653
6985
3068
2520
8636
3615
6845
6363
4917
4188
9352
3182
7230
6071
7768
3252
5021
2688
1836
1577
5974
4060
8254
4632
5570
4051
1967
1127
8170
2463
8746
8030
2317
3993
5242
2122
1570
1802
7902
1677
8584
562
4959
1974
6389
213
5708
4505
1737
2479
579
9028
3351
3502
1399
7443
6229
5945
3694
7012
2851
5653
4287
5946
7135
1199
6996
3319
1963
9298
5592
252
8601
6329
3418
7700
826
5891
3462
9262
297
2939
7499
5323
8472
5598
1936
2649
2481
24
120
9133
8838
2005
9357
7080
6306
7959
5634
3402
349
7474
5001
108
1258
3532
7514
7589
4029
9107
4795
6395
8405
1579
1002
5512
4026
6027
3595
5136
623
2456
4804
3959
4258
1130
423
2335
1976
9037
7445
544
2368
175
7708
6556
1793
6332
5043
4511
668
7152
4660
3368
797
7785
4906
1230
444
6411
4756
6192
6680
3014
3199
577
4082
7984
5810
1387
8351
1261
673
6383
730
1831
502
8420
2804
5673
3803
3717
3452
7882
6420
1178
8329
6989
3744
7052
1171
7502
4769
3546
2323
2795
4806
9305
3784
4488
3174
6542
856
8267
8024
7300
4333
1872
7224
4098
7420
3015
4194
2017
7939
204
2785
4751
7497
5349
5354
3115
1036
6006
905
2168
2757
6072
1125
3708
4581
3003
1017
991
4663
3412
749
8216
8432
7774
6208
3106
8368
4748
2187
7481
8846
524
5451
7884
896
2087
8731
7837
2662
3889
1374
3687
8498
4028
3032
1564
2764
5932
3066
7173
2591
3364
8508
7861
7541
3868
7946
3999
3841
2360
604
5420
3500
8246
4329
3013
6589
3298
7561
1145
6324
7791
7409
1476
2817
2825
4438
4736
6785
1856
1006
3436
1676
7261
6255
4251
3674
481
2009
8575
2575
113
9378
6763
4808
6750
8874
6016
6471
3681
1409
212
3352
3091
4443
2751
2094
6228
3000
416
2253
3556
8835
210
7392
4733
1649
3690
5783
2714
5301
1268
3711
1694
8531
5423
5994
3012
1975
68
7196
5037
7350
1782
940
2000
4232
1256
8959
3867
5219
2884
220
2365
8313
4448
5809
461
7432
1089
7118
5229
7448
920
5957
6541
4925
4291
9135
5355
8595
472
5581
1098
7847
4876
5752
4292
2343
5680
5029
6766
3729
7460
2645
2788
4108
7336
3585
3251
892
5788
6664
5221
1638
8470
5437
4195
8197
8518
1118
4883
6906
1719
4669
6261
1311
5232
3728
1949
3571
7498
6091
9263
2823
3132
1467
8228
2263
7334
2239
4343
2301
3411
4840
7148
600
7309
8060
4043
6427
8913
5151
7492
8181
2125
2698
772
8998
8028
8883
8948
8355
1755
2874
2534
6757
3330
7488
3679
2850
588
6635
7711
7360
7086
8542
3888
6758
644
7167
7621
7938
5528
1048
2098
4690
5526
2401
6811
2724
6397
5773
6519
8311
7657
6127
8751
4848
145
6878
4935
6043
2580
2438
4148
4833
8619
4966
1231
1354
2143
6177
2436
527
8885
6312
7234
8620
6152
9124
256
1952
5542
2876
8375
2234
678
8333
4393
7862
9226
8748
7011
7989
1109
2046
2864
4455
6236
8565
4714
3450
4171
6169
4223
2765
627
7713
2416
1306
5992
8558
9385
6414
2931
1084
1767
1679
1030
4470
8994
6545
2137
9024
1573
6098
27
5460
7564
7032
6708
9130
6742
1224
5115
5022
3475
6302
4852
2190
8671
2870
1951
548
3824
7615
2583
3479
2892
9258
8701
5297
3089
4570
8984
8590
3953
2231
8824
3821
2282
3306
9080
1321
1038
1475
4429
355
6570
6762
7721
4684
4075
5765
3882
7264
6595
4760
1613
4639
8107
2509
6500
2105
7169
4216
8433
5341
5892
5468
759
8628
2837
4976
7313
7575
3977
8515
7880
6960
2290
1514
9036
5280
1166
2867
3303
9153
7641
4257
855
9345
8757
4735
3046
7484
8723
5262
1945
1498
7659
7766
459
1532
4698
1452
7046
5734
407
6165
945
4589
5226
5738
2748
3146
4424
7252
7507
3221
2900
448
2568
5940
5180
2270
3854
5518
5908
1195
1702
1863
1849
4093
2043
7433
4813
2807
3229
3799
3228
3195
4180
4851
7370
5310
523
2470
1970
7110
1956
4122
3851
910
1405
5916
6239
5641
5575
5776
3547
230
1662
6483
2707
1371
4092
3020
4798
3490
3860
5421
1220
9209
7105
4762
3972
615
1979
4070
2845
5590
3768
6209
123
6317
5729
4815
2637
8626
3783
8098
2695
8299
6501
2536
1495
7159
5324
5527
114
5159
5937
9177
4753
8807
7200
7892
9139
1131
1546
6731
2716
4163
6275
1824
7835
760
8789
152
5571
3713
1239
322
2756
8803
6272
9020
1944
6307
5495
7638
5987
4058
2599
7667
8925
1184
4020
5728
5983
7466
9369
7084
7034
2499
2228
6754
9094
9140
9301
1364
981
5448
7975
2153
3099
5189
8477
2799
1792
7591
6343
161
3380
1916
5471
7508
7511
7585
4546
6138
4616
630
8468
8809
1518
966
6320
320
6405
4899
6507
76
8550
6224
6675
6293
4044
5719
7051
2117
2814
5721
5862
2267
860
236
5393
5643
9274
4397
3589
7805
735
389
4569
3208
5961
8073
5122
7988
8274
4285
4055
6340
3751
6844
9078
5465
6871
8577
2419
5322
1019
6308
2478
849
5171
764
2711
8025
176
165
4096
3300
8761
4015
6408
5140
9248
8120
2886
3349
8264
978
5135
6033
7268
3326
1639
1846
3206
5033
438
2893
5419
2685
6258
1219
8935
8662
6999
5894
982
2687
4524
836
1289
5084
5032
9189
5143
5199
8127
4315
5543
984
8756
3976
1194
6517
8326
7430
9370
8315
2544
7816
3561
1128
6129
2295
8190
7000
4217
7170
7704
7705
6063
8097
2110
6358
6518
8790
8884
7331
2818
5782
3453
8648
7748
6980
8774
262
4526
3058
4137
8655
6484
79
2250
2607
2016
1820
7935
7504
7213
2049
7596
3136
4566
4473
5884
6617
6299
7557
8262
2370
8964
5873
42
4120
4533
1971
8555
6928
7525
8304
5628
2679
4943
1547
2855
8957
3389
8415
6
2918
6382
5767
6310
6969
927
7789
835
874
5458
3343
4006
7265
2454
718
2089
3584
1766
5081
9109
8532
3469
7478
2039
5097
6388
207
5306
1815
2811
4409
6139
7883
6663
3196
1198
5823
569
4968
9333
9005
7053
2572
2528
9191
4816
6896
4907
2142
2291
3085
4708
6331
2743
3621
3274
7427
1561
2060
2630
6452
6458
5548
8578
6291
5676
5864
1671
6256
2983
909
4787
9120
7113
1816
1244
1879
9267
868
5404
8594
2537
8434
4702
6014
4699
5343
6225
4618
6122
8372
8479
3092
1522
6252
2440
8656
154
5333
3339
7482
6573
2106
3108
1346
3813
4004
3409
2244
1752
2860
8410
3383
9116
8117
5268
1045
6910
1832
7822
1105
7070
5703
1168
2975
1923
338
8250
2638
4642
3438
7447
7402
8336
1489
7158
4918
4350
2732
4231
7491
9186
9254
4290
7737
2989
1706
6741
6536
1260
198
733
2511
3137
308
4041
1336
6816
8660
1024
1208
4780
3268
261
5347
5899
5007
5045
6672
4771
5744
1135
8582
8740
4183
6650
612
5731
6699
4573
3613
1501
7351
1969
6565
4535
8525
8278
2527
4324
767
2601
5364
8036
3242
4447
1504
7299
5177
4040
596
265
6290
8519
5822
1077
9383
6369
5281
6106
7597
4143
5455
8861
8548
5119
5086
3359
8466
3025
7393
4221
8271
1343
155
7697
5586
1666
9155
8207
1375
6714
6963
9063
6887
9302
375
3008
932
5120
8391
9175
5444
6610
693
3361
6586
8507
2704
149
1640
7077
9341
3704
5814
1724
8381
8096
8177
6402
1497
7349
4695
8640
2314
7348
7573
6915
133
1659
1937
5693
9239
5537
6025
2934
869
7594
1080
4682
8958
8527
3071
5950
6597
1607
4277
6790
6075
7274
4048
7910
2793
8402
6528
8235
689
5249
8390
8606
4594
1063
6527
7042
1843
5041
5077
9056
828
1229
7983
2139
7100
1425
4547
4140
5016
1294
5847
7358
9161
1658
8734
4356
7992
1479
6024
6981
7759
703
3801
1845
8752
8392
8602
2705
5563
2559
5104
6147
1298
8598
4476
5277
3142
5386
7650
2038
2269
789
1272
5494
4121
8819
6037
3766
6489
1763
3662
1420
8771
738
1031
4645
7971
2897
2526
5529
59
380
1435
6055
9245
1097
687
8373
2329
9150
6618
8583
5162
4575
5236
8193
7645
3357
7536
4289
4986
5093
7209
8762
3726
6656
7210
2610
1990
4475
1566
3430
2114
426
4436
5664
8567
4175
8742
7174
2938
9183
2654
1122
8422
2218
1789
9010
8924
4052
429
160
6029
5170
6885
3021
5603
1333
216
8090
8842
4585
4814
4692
4359
1465
7322
2256
5733
3761
305
4206
5698
3914
980
5971
5048
7916
2083
6189
6643
9236
7570
8804
8657
5948
4024
2548
1695
7695
2576
3327
7437
2460
3530
5557
7286
5233
5999
5149
2433
5478
8490
5561
6815
4072
1451
1947
2593
4812
8331
3796
2731
3386
2959
6872
8214
4853
4820
7283
9112
3814
3215
3309
8126
784
8155
6753
7371
7954
6903
1286
8849
7811
4792
7986
