8602
1720
5948
7323
5154
411
1606
2472
2760
6573
7123
3635
8752
1637
9200
1456
1339
3753
9027
3658
5232
7540
1656
91
5834
1204
771
9354
4722
504
4995
1977
3634
80
1543
1175
6602
7443
9167
156
6371
3045
7437
2207
7524
6131
3032
8099
7278
8867
8878
7636
5223
4967
2861
7625
8378
8437
5507
6768
8939
4727
8679
243
602
4744
6898
3920
7290
2552
244
3025
790
4365
4537
1697
9000
4227
3602
5803
1928
6545
5830
7573
8458
5590
7660
8499
2780
4738
2653
8494
9377
4835
4674
3876
3612
7980
9233
986
624
6781
5945
5208
1443
7447
571
3653
8388
8702
1426
6945
2382
5580
682
326
1850
8257
7165
1360
644
8662
6280
6078
3677
4894
4225
978
210
6040
3488
6208
5836
6168
8987
2996
4594
1881
6833
4364
1251
5869
1939
1263
6662
879
6328
289
8024
6013
6233
187
8781
2585
1368
489
590
2457
7136
3035
7542
4055
6165
1851
3968
6255
3808
3083
2485
3232
3188
3344
4669
8947
2524
4371
2459
1144
2878
1200
2053
639
5015
3533
3543
556
6870
1666
2221
3147
474
1166
9159
4779
4072
4956
4358
2426
660
9218
4088
6519
3225
9183
4863
5405
7919
5979
896
2776
1538
1136
103
2005
1435
4345
5163
4299
8406
8922
8776
4604
2166
3002
5086
4357
1290
7987
1294
2507
6072
8010
5561
5370
4834
906
6531
5583
5409
795
1315
8565
9347
3267
8112
4920
1276
2896
715
1967
6237
8212
3487
8842
8365
5902
7188
6570
4510
7017
3246
6633
1717
3012
7472
7589
9261
4742
1244
652
2592
6176
6826
8255
7473
8297
4039
6824
7479
5996
3667
665
8769
7683
4576
198
4874
3952
296
2193
4235
2992
5713
4542
8910
3403
6782
185
4298
3245
6694
7649
3834
2184
6735
7936
2482
7273
4145
4106
2580
1160
2241
1630
982
5533
9246
893
8587
8528
1919
5217
2395
6569
1245
9267
7185
8304
169
6057
7642
8577
8464
4172
1333
1689
1404
7201
8825
5668
3136
7490
7812
4375
8506
7935
1931
9324
537
9180
6082
7434
1752
789
4746
1061
2484
5129
3016
2567
2690
4311
7958
815
4497
1059
8342
1971
8762
4466
3157
4819
4596
2488
2505
5287
4237
2735
8585
2699
2632
3897
588
2416
7539
9005
33
7152
5627
7040
5118
7931
2814
3326
7050
8283
9378
6395
3701
1627
