2246
5004
9090
1778
3222
7851
5187
1099
8199
7229
4190
6128
6904
5576
6508
5210
2414
2298
8512
1203
484
9263
7680
9189
3225
4966
3223
5660
8831
7964
7358
2588
590
3874
1669
2671
4531
8824
1375
4438
725
6774
3716
1444
5359
2931
5896
3064
1772
1013
9292
9366
6525
207
1770
9238
1617
5351
8155
4751
1534
5477
9365
9158
1243
9113
6372
225
8052
9068
3260
8683
9274
3950
8768
1785
2254
9330
6713
977
2398
543
3519
6254
5787
2617
4683
5774
9165
4192
2427
5451
7428
2919
7283
3702
5413
6263
529
544
7116
7075
397
7720
4894
2099
7657
711
315
2138
4435
665
4832
2052
6082
9251
5974
1367
530
6429
4104
578
4868
2194
3398
4197
7927
6489
5463
443
4955
5765
7051
5665
5695
1285
6505
728
1328
6989
2810
9161
7245
5997
8260
186
3740
5744
6421
3917
3444
2143
6527
1525
1634
9172
6520
7001
6608
1062
1697
5254
399
4260
6290
8812
4157
3798
2090
1799
3465
6300
7833
9191
1106
8590
2477
5131
6456
2777
5363
5530
9136
430
1619
1091
6183
6623
8170
7219
59
370
4690
1927
5917
6426
6056
1802
2375
4521
1685
7629
4706
8406
9054
6337
9029
9085
2959
5090
5186
8850
8646
8599
8376
765
3658
7758
5534
1996
6867
3110
3832
8580
5250
8668
784
630
317
8900
9073
4452
7601
9105
5009
3304
5173
3785
6702
4281
8409
1963
6105
9181
4267
4629
8759
4180
562
8811
5513
3333
3020
7798
1097
1392
7799
2149
4694
3484
7148
5762
7518
2930
3794
6468
8552
3866
3576
514
3278
2567
9059
3406
6417
6219
34
2037
1995
4667
8100
5258
2698
7822
1201
751
6971
6714
8328
5606
423
5012
8869
5470
6938
5369
2499
6091
5459
5544
807
7743
6513
8505
7409
3764
11
2766
4383
6279
4865
2250
5262
6900
524
3057
3810
8864
2946
4434
8279
3349
439
7325
6920
5211
3328
6637
6514
3092
4444
3627
5901
1499
7784
783
6707
6392
3616
3153
2708
675
7074
2609
6795
1583
7194
6718
1275
103
118
3655
7646
6845
6013
6447
3099
1651
2393
8362
614
9252
7791
5693
9043
1701
8360
1213
1952
8252
7941
7835
6077
386
5932
6094
4456
7558
8087
6728
2737
326
8333
5356
5499
8425
3923
8433
4828
1869
1291
5044
1486
1177
7092
3503
2158
6803
5228
3571
7353
5803
2079
4231
1670
1725
1326
7578
5672
8819
4577
1257
589
7475
6084
2210
4286
6211
6750
609
6215
6163
7653
4880
3712
1290
69
6139
7855
1384
8841
1192
988
5704
4773
4135
2495
7774
7670
497
2443
100
5282
5938
999
4950
2585
985
9082
4604
8772
7539
5385
7831
3806
6495
3146
966
8761
5281
5202
1102
4009
144
9315
402
1360
8430
5455
3150
6238
5621
4461
4688
5112
1695
9038
7509
8208
6271
3590
6418
767
8531
932
8466
2295
2439
3220
6645
1170
3392
5597
6951
1495
3037
8319
1245
910
4028
8953
8004
1982
5237
5924
4047
6406
1222
6479
5813
2516
8266
8582
1264
9275
2092
1116
3468
330
1620
8022
7756
634
3714
7307
9203
6349
8468
8308
8342
6897
776
9095
911
570
2279
3537
21
4176
4498
7028
3390
393
8064
7227
303
7548
5782
4898
8091
7810
5751
6789
1433
9156
4261
220
7018
3296
1481
4964
1058
7489
6998
3948
5509
2613
5105
138
2257
3730
1255
666
2186
1112
3438
9318
5812
8782
732
9295
9139
4275
167
3152
2313
3377
7900
8160
9299
8063
1389
1440
2825
5754
8917
1642
5241
4113
6432
7161
8565
380
1541
4599
7622
8337
5847
7348
2071
9134
8471
7334
566
3554
2336
4288
4967
4795
6747
4922
8539
4825
5313
9232
612
9072
6739
292
6322
2625
6375
1399
7190
1831
5626
1235
2330
991
2975
1932
4925
7168
6629
4239
8918
4742
3654
3862
2769
2197
8511
5716
3470
4538
7684
7446
419
7862
1493
933
611
133
1638
239
644
5175
6807
2894
1092
4670
6399
9030
8716
2324
7642
4899
99
828
8008
2396
7406
2453
723
2543
2458
6188
8302
2310
165
5964
976
7356
5893
1004
7195
4212
6876
1981
8438
3609
4071
2913
2040
5098
3113
9240
1984
2344
3155
8043
2015
1204
2582
4248
3283
1958
2860
4851
6618
84
1645
8093
7645
6449
9360
6983
3291
9143
3779
3237
3168
2410
8851
7830
5372
4308
3105
4890
4337
8117
5683
5279
3048
6285
492
3271
8269
6000
3877
569
8470
9383
573
1287
3454
3880
790
2016
2551
5687
2299
2475
1346
4605
9231
3492
4956
2820
5826
6625
5128
4881
6756
3973
5078
266
2352
2399
6659
8609
4445
9126
5426
4193
5854
6923
9164
7807
4458
4607
7541
4175
8822
3715
4579
3316
2190
1959
5975
6321
7309
1595
7574
3762
5962
3710
6557
8399
6944
7141
3459
5561
4312
4897
599
8997
647
2086
3188
2748
1979
4058
7482
7508
6319
1431
4422
785
164
9221
7480
3076
8885
3256
6954
9336
7470
6570
2827
4174
7804
7000
4348
6444
7626
9272
579
1748
2846
2328
8459
5361
8126
3474
7072
6568
8389
5288
1776
8802
5318
6164
4791
7163
3873
3151
1657
1974
512
3863
3742
196
2339
3026
6185
8451
801
3999
2400
8994
371
1489
2596
7623
8522
8615
3647
1612
7210
832
8585
5949
6453
8345
7385
3650
7260
8510
1553
2077
3713
6979
989
457
4056
6079
1105
3821
8034
6442
4765
8083
6004
3347
1439
6857
4106
502
5554
5941
3371
8458
1413
2594
4334
7031
6423
4116
8148
4451
4343
8493
3843
5354
5809
5072
7999
8443
538
1903
5248
7573
3116
1854
304
1377
7345
2244
7290
2922
3829
4447
1418
5671
5482
5926
586
7945
3288
4100
3101
7006
4650
8871
1258
2171
5111
6868
2163
3963
1563
1164
7038
8515
5882
523
296
2371
2890
2895
1742
7117
9056
3142
98
61
4727
3567
6836
5214
3012
3769
7905
9385
1240
2541
1678
4144
3845
3698
8400
6755
2263
7986
2835
1307
383
6758
2631
6851
3232
5302
4891
3290
7529
1052
3841
1131
2433
8295
2122
1417
4345
5468
1179
5323
3227
1726
8534
3073
5362
4077
3535
1238
8250
156
6433
4766
1197
815
8068
5428
4934
7332
5844
8649
9352
4915
6704
2307
8756
525
202
7315
1035
1689
1372
1733
363
8519
3331
1774
2147
1900
2228
4996
2575
7180
3703
6133
7140
2214
9199
5689
6476
2691
7076
4385
2191
6636
3746
5119
2726
7937
6017
6379
8149
7561
7528
1172
4677
5832
405
35
6070
2076
1769
7542
6956
3094
2511
6975
6907
5861
4822
3959
5139
4594
766
6318
7105
5334
4720
6158
7569
3884
2091
8217
36
3724
6324
2750
6184
4124
6243
1253
8094
7427
3036
5233
1041
7707
2130
781
7147
8463
2812
1464
3261
4568
2535
5276
7768
8242
4324
8594
2496
4336
60
6653
3793
2124
5845
6146
2729
8951
4532
3859
7938
2942
718
6535
5104
820
1276
5481
8244
9308
6993
1699
1582
4635
4736
4117
2965
3216
808
1158
5553
6034
1881
3808
2838
3506
7252
8887
7294
4165
2845
89
3055
699
7576
4330
6381
4103
9256
7608
5309
8556
943
5987
7248
2377
7596
1803
4291
8827
5747
5435
4295
3403
4589
8096
973
2953
4760
8804
3410
7212
9197
4987
4512
5498
4187
8500
2102
3336
420
8931
7714
8153
3605
2142
1051
7604
2905
7211
592
5929
3202
5239
722
8325
5416
7232
987
2095
114
4008
6949
7108
7828
4750
6919
8502
5602
1643
1478
1813
2707
4534
1751
2802
5543
6734
5133
1140
7635
5775
5666
432
4162
5662
7910
4140
3596
3430
9261
279
982
8110
8228
8067
1626
7128
4838
9060
9132
8889
8257
7847
8414
5339
6531
1434
4371
2934
7384
3614
7823
3645
3320
4793
2528
6805
1246
924
6312
6236
5319
3191
779
1138
7821
1533
986
3681
5646
6252
6633
4714
4937
2282
2502
4678
415
8686
2552
7865
79
5611
7698
7174
1241
8790
240
7380
4537
8597
877
1589
8861
1727
8380
5275
2641
129
5872
8280
6655
1847
8440
4729
4494
7853
2185
4417
8946
681
5305
4705
5166
102
5449
4091
1364
2082
5297
6425
1003
2632
3552
1815
6393
6021
7036
3672
3581
8350
4948
2151
4722
6
7688
5758
1811
9152
6223
2663
4870
5127
4346
6033
2521
998
2129
8473
9062
6204
485
3551
7871
5
4624
7590
6523
4101
8725
4201
3362
1252
4491
146
7217
8377
930
6404
7889
701
3481
8968
4644
4949
8498
8082
1991
2227
2189
7346
3157
6823
2332
2906
8283
3817
9224
948
8289
3104
5446
4369
3743
5943
6995
6060
7456
7903
5218
1338
7671
6367
310
1205
4262
9316
316
166
2630
4020
208
148
2829
278
7450
4250
2070
1409
2563
5015
8561
6435
2718
6296
1148
1484
8854
8542
6121
7689
629
4075
6768
736
6152
4991
2848
8009
4980
5059
8709
4211
6743
8754
4272
7754
1376
9328
3601
8402
2526
1682
1423
1917
2938
124
2700
52
8733
1256
3707
3812
1856
5167
4282
2312
5343
3301
6936
5822
1441
3471
3780
2972
3031
3355
2345
1354
7846
9349
2695
3045
4466
9116
1055
5592
4893
7970
4799
8572
90
4826
6469
2989
5286
714
8796
6250
6126
830
5021
2643
4721
7734
3570
5453
1088
8074
3637
3853
6558
2498
2337
4332
2674
9144
1609
3273
8641
6492
8263
4467
6347
3391
2067
441
3095
4066
548
3908
657
655
8963
335
2148
2126
1047
7692
4836
7267
4042
1949
7893
4704
5289
6902
5749
8346
7565
6136
8495
880
7257
938
1812
4631
7832
4366
1561
9171
1335
7222
294
4362
6065
5512
5515
6008
7439
5777
1749
1808
5628
2640
4805
1414
9340
5387
3409
1889
8789
1674
3384
6092
4495
8112
5251
396
3091
926
738
6688
9311
6537
3797
2648
7173
4463
4179
8394
7526
2821
4619
5032
3069
7402
1746
2403
3149
3374
4474
2484
963
6968
3545
1451
6373
8323
4637
6088
5629
9174
3876
3487
7567
7844
8836
1675
7459
8220
8271
1379
5271
4486
6609
7564
3201
6371
2294
5865
5797
8737
2961
9117
6960
3334
1848
2008
2763
4566
9026
9306
5900
1692
8073
7469
2964
1538
9006
6835
8744
5085
49
521
3380
5858
9169
7443
7713
7981
2123
5661
2454
4830
8888
3802
6014
1169
119
8503
2688
7983
8563
1688
5766
595
4115
4701
5685
2213
2637
6276
7742
6039
1315
6491
230
3187
2489
2370
9282
78
262
4013
5425
9215
1124
9037
8207
7705
8624
8692
3219
7448
5216
554
6221
7527
6946
8817
1679
7262
2678
2183
8674
4019
5808
1613
3019
2059
9293
4611
8952
5635
3957
9111
465
6929
4974
6864
4917
3456
763
2196
3882
4270
1232
4633
6567
3675
719
3795
6638
7679
2580
661
237
7396
3766
6546
1902
7600
1947
171
6308
413
2273
6712
429
1345
6871
6694
6006
9050
3541
8691
1424
8108
2243
4924
1890
1623
4636
6754
4200
2745
2659
5124
660
9176
1319
9016
8066
2907
5028
5547
6627
2540
1758
6331
147
8633
7928
4229
2998
3402
1986
2302
6007
1146
8795
96
8007
7289
200
9262
7778
7125
6573
8121
3427
8132
444
602
4810
8821
3653
5514
3383
6796
9179
6478
3365
2408
3251
6293
4787
2046
1317
5179
9373
9077
3184
8079
4433
1830
1244
3642
5915
5521
8955
8675
7693
3163
3617
1031
2682
8553
5160
1874
8884
2830
6626
483
5076
7078
2999
4522
2982
5129
8427
1771
8538
7522
5225
6278
6826
4648
1899
6165
5307
2264
9344
5268
7226
8719
5379
1034
1096
6400
140
3630
5230
4767
3690
1006
46
8011
8613
6708
2774
7374
288
6510
7354
2955
3394
5579
3591
2353
1311
4003
9267
7364
4923
979
3183
8543
874
8696
127
4816
993
2013
1220
1528
3968
6947
6022
7120
1888
3379
3633
3426
6011
6106
7759
5184
8758
803
4460
2372
6330
5188
960
8689
3847
8020
3615
4901
3006
5355
5656
155
955
2926
8710
6286
2416
5609
7792
6614
6413
8703
1990
2608
1690
606
8769
6741
920
2162
8961
792
1862
1226
4233
5522
2094
3883
7057
3885
5555
1357
7492
1893
8959
8967
2509
5726
4455
1671
7121
6892
5884
466
7630
7395
8982
4429
5885
4556
3141
8669
9108
4622
8647
5474
4613
8444
8472
5205
2782
43
2969
974
4054
31
4886
3046
7
7974
3210
3881
7585
1411
194
6644
5864
7310
7207
4575
1496
8276
2111
7980
3208
8533
1390
6883
7779
9342
2742
2786
3255
3735
8113
2568
793
3154
3172
6838
2971
8508
8171
4523
9047
7457
1800
9289
4259
7547
7907
8514
2247
8928
5023
3657
5001
4772
6586
2049
1363
4808
8210
4141
7744
2556
7095
5639
6171
1477
2954
4471
2882
7656
3319
4439
1298
6964
2022
8571
1539
7763
222
2159
298
605
1361
852
6030
4246
5034
2464
8810
8801
9334
2897
7330
7303
7206
2736
8541
3495
5686
5691
73
7765
7027
8653
3292
7053
2232
277
5956
6480
3170
9281
4349
5159
8993
8635
4806
8303
5073
1056
1406
5721
8016
637
4387
4984
1053
6784
1432
6697
7615
8881
4723
3215
3071
2039
5471
5176
3467
5445
9012
7702
7801
4529
8612
8625
4732
2784
1027
3192
2809
1012
2673
7819
9304
5415
4153
3791
3603
7467
7419
3421
9359
3395
3656
3285
7322
1214
6173
5324
2204
8318
6299
7101
8264
7123
951
2436
662
3135
2320
6698
727
1107
3773
3407
3106
9178
1491
4995
498
6249
6709
7433
8857
7677
7064
8060
6597
9104
6025
3952
2675
4470
4609
8985
3236
9089
3628
9301
8596
2696
6409
2884
7298
2962
3922
3010
1945
6145
5270
1592
902
1175
4059
7458
1520
8097
1786
4123
9157
8886
3441
8760
7896
5162
3066
5075
8555
244
2
2980
7373
7349
4812
1521
7269
8102
7732
6147
6127
5272
1934
1242
4798
7218
7400
8267
287
7026
8777
233
2910
206
1395
970
3060
2235
8128
3131
812
1018
2064
3108
8213
5026
224
3472
4169
9244
4479
5523
6590
5738
2889
4602
6179
1254
6820
1374
6559
841
7118
5148
4652
7422
113
6467
6340
40
7306
889
7636
4804
353
3235
9270
6899
6660
8235
2811
2286
7066
8109
4973
2380
7864
1925
2406
6028
8862
7690
7572
8602
667
7068
2490
4682
1087
7175
7733
1517
2866
5983
1371
3619
7825
7493
539
4173
2853
3382
3819
7133
8966
8940
1814
4638
6237
8631
9140
369
4428
5675
4070
6045
7070
9357
6016
3137
5647
5750
7250
4381
8525
5814
5586
6175
5153
8587
5069
7764
7553
365
5790
3194
734
6041
7483
3901
7619
8120
1127
3354
4446
2534
5764
639
2948
2620
2657
3042
44
3358
9264
1916
8338
4660
8211
1673
884
4216
6490
4623
2903
5500
8385
2195
688
4055
6635
1121
9119
3442
2131
7556
5336
7055
1110
9323
6811
5705
4276
6274
2208
7854
4647
8413
8054
4759
4778
7089
2319
511
6427
5143
4632
4875
7299
7365
8310
5804
5261
5102
3788
4555
2242
682
8750
6042
2322
4341
4289
3684
8490
2177
6269
9214
8168
895
8278
1519
3262
6935
2755
6585
341
4774
2217
4353
9147
8301
7605
2471
4595
5773
8467
7413
8560
4326
7991
946
6370
4958
5401
2569
7721
6246
2772
2108
2449
1585
2315
8815
1405
3129
7386
6458
5855
4149
5310
5558
3078
7165
3826
3075
1183
6690
338
5948
2043
2394
2274
4831
855
1456
4258
4170
435
3287
1308
8130
5264
6821
2740
3949
3727
7944
4530
33
5053
8657
8684
6589
5610
5269
7922
7681
8856
187
4700
645
5132
3070
3136
6259
4858
3246
1352
6044
3920
7747
8783
15
362
4244
1168
1437
4094
7305
3485
3023
7487
9371
1510
8595
7892
3098
3796
2841
703
4646
6863
9254
4304
284
5466
1039
4025
6870
7869
305
1940
382
7261
70
7800
2677
4027
6536
7388
6894
922
1754
6335
6336
5615
6963
8839
5831
8071
6855
515
3585
1762
2150
3886
3174
3767
1353
7543
7943
5546
6641
8187
6260
8
4099
201
1300
7102
3239
3500
455
6272
1001
3022
2859
6665
2493
4255
4541
7857
9378
4792
1936
608
5607
4665
8564
8944
291
1664
4039
5623
7335
1042
9209
6355
1468
3954
4107
904
7429
5532
5476
3692
4092
4565
5638
1540
5508
5682
3282
620
4848
6095
5976
7288
536
7973
788
8638
9150
8971
8441
6532
8231
7563
7350
1334
535
1198
8813
6752
3818
5198
7225
8218
4453
8957
7007
2733
6005
8558
3373
1672
7890
3993
8551
7915
3317
410
1719
5823
8314
489
6843
436
5641
6945
3065
4238
3178
4686
1676
4074
1281
1824
4758
6109
5322
9123
3613
425
4610
4120
8794
2565
5984
6738
2360
5548
7407
1999
235
849
5489
4668
8418
3995
8867
7593
2321
9167
8304
5003
0
7549
4740
5084
4198
3586
1712
8085
7750
7827
6751
4664
8682
627
2089
8309
5408
2479
8979
3691
6135
6543
6624
1654
3745
7969
5353
1966
5007
9278
4719
1908
7709
8195
495
2335
8348
2441
6461
9368
8464
6861
809
8422
6134
3414
7376
6967
6848
4017
4188
115
241
5203
8334
5099
2009
6245
1038
6765
3897
2987
5923
2724
1577
8622
3579
7772
3838
4978
247
7318
4038
7093
546
1320
1878
6541
1731
8779
4264
3189
2823
8912
4895
3759
1189
4436
1022
7447
271
2018
5673
2201
2517
547
8439
4399
5741
2221
6966
8331
8421
5321
1050
7725
5169
3700
2957
2527
7673
7090
5605
5697
7368
5367
4404
2233
7014
6740
6819
5982
3648
8484
4905
2120
2856
7080
9142
1398
3451
8995
4454
7925
8428
5174
2081
5736
4860
8111
9166
2869
1558
677
4402
8523
1523
7367
8640
5788
1575
1565
3857
2170
7431
643
5664
4376
1297
6389
3520
4280
2156
625
7780
5632
172
9228
3686
5794
7609
576
8643
5245
8915
2311
6369
3107
226
6117
6086
394
2524
7275
3772
3775
4551
7185
7921
8704
2721
6346
5760
4584
263
3207
2430
3836
545
1873
5909
5399
927
249
8713
204
5394
6950
4777
1973
5911
234
51
3400
1008
7220
4001
7177
3499
2909
9124
5891
322
7562
5348
7412
3367
4854
839
4469
8364
142
4265
4497
7181
8349
2807
7667
8604
1895
5185
7292
2025
8371
4363
2096
5528
4112
1545
4645
7530
6565
7360
7789
1810
7989
7209
2917
1696
8136
6226
4680
7002
8545
1886
2927
8617
5836
8431
2266
8453
8662
8504
9121
4079
7967
2722
490
7417
216
4707
4581
650
5541
8623
919
8930
8390
8579
9245
9211
7087
5959
7086
731
2272
6076
285
1667
6085
4882
4587
1509
7672
8262
5952
9009
8465
4483
8050
9007
2577
476
3966
2715
159
5266
1884
893
5138
8041
8770
6149
7265
431
2506
3143
4675
3768
5849
3548
2395
6031
5249
6125
2419
8636
4757
8677
2868
3583
3524
4885
5650
3514
5027
2364
9358
8104
6933
8026
2649
2765
8058
2288
2705
8899
5731
4298
7731
6757
3889
1833
8317
6511
5510
5238
5442
7187
6885
3286
4775
3280
2308
9145
1783
2182
5838
9066
5029
2085
3967
6534
1294
3906
2054
9367
513
2034
7611
8766
5593
6216
1147
7934
130
2174
3936
7579
3244
1248
3198
4554
921
9230
7762
8707
3079
2042
6050
1458
7958
3871
1269
5694
5358
8072
6314
2728
7062
1569
7740
1764
4158
5311
8103
7071
2672
6682
9110
5448
267
2803
2030
1280
952
2523
4524
4862
2392
8366
5450
8157
2751
7079
1293
4863
7568
1487
460
6018
6176
2357
7955
4507
8652
4302
8610
3001
1094
4374
4464
6499
686
7954
7329
2199
6941
5578
3813
2292
1454
4251
3540
157
6958
7199
4236
2187
257
8639
9271
4224
5010
7919
7899
5257
9004
3620
6303
2896
7711
1817
4807
6107
8913
571
8028
965
5577
6606
5048
8065
9280
3694
4764
4663
5242
7845
9162
3739
1761
4064
777
6779
3103
7525
2450
1141
8015
2532
85
3584
5928
9120
6023
1809
8793
6177
389
1868
6576
1863
1330
4839
7957
5116
2877
8081
2935
4941
6264
626
8198
6475
5335
7908
5654
4143
453
412
1324
3651
411
4181
6195
4006
2731
6228
2847
3668
6144
2833
9084
7391
3732
440
4944
219
947
6315
1462
6799
8305
1122
3623
5135
9339
3744
8919
7277
1571
879
3778
6497
8035
6817
3049
1615
372
2770
3870
7073
3029
3281
6189
7662
7557
2970
390
2872
1067
7977
1556
6759
3213
7616
2779
9218
3563
3931
4235
2001
1084
1014
6617
8410
8826
3428
1766
3348
7808
1941
6473
8391
7040
3991
5770
1465
7370
4199
8949
53
5776
8992
2614
1118
596
2789
6860
4649
7505
3693
9219
8069
3510
6720
8929
5057
8057
3053
7338
698
6380
4745
2615
7931
2287
8972
4448
8712
1524
24
9173
1130
1342
8292
8835
6783
3717
8665
5562
7794
1111
22
5545
5771
6394
8491
8618
4208
2367
8446
7533
1358
9382
