7060
8497
7
6981
2329
5211
8069
9262
6039
2532
9070
5001
1747
6235
7422
8292
44
6512
8065
79
3292
7784
2728
914
8309
2664
6002
3394
4893
1474
8575
3399
4175
1077
4969
5179
55
446
5546
5081
1753
3865
2366
2268
4190
117
3708
630
5375
1001
4887
4638
9277
3381
9056
1455
6684
390
7741
7456
4200
4267
5799
6820
4400
7528
3573
7705
7009
3021
5422
3044
6506
8641
2874
3151
2797
726
167
1712
2918
3893
7117
6535
1793
2944
5170
1355
2765
1091
8667
8786
3659
8977
6255
6481
7707
1765
4278
2406
4855
6575
5705
7609
6070
6049
877
2750
6918
3939
4456
7987
3104
4599
611
4254
535
5746
8345
6302
2460
8580
804
7223
2671
6800
1108
9031
680
1210
5031
890
551
2892
2368
5038
4869
829
9231
6915
2915
3826
6955
4761
4386
8434
281
2098
8077
205
2887
2715
6405
1615
1678
7005
4570
3306
5354
1341
7658
7003
1849
4956
5069
60
9314
6691
6870
4255
7940
6178
7468
9098
316
7075
4213
1092
1682
6541
3654
4847
7880
7477
4789
4142
1320
8424
4211
6009
8924
1583
4569
7185
2411
8332
7488
8914
5540
369
2653
6892
1982
5947
4568
962
3542
3898
2375
4896
6438
405
8797
2493
1090
3599
6395
4657
4161
2745
4646
5286
5656
370
3578
469
654
7070
244
4199
3631
8761
72
4615
3322
4274
2235
892
2817
4057
4404
5780
2138
7785
523
2323
2677
2407
4499
3325
7751
1585
642
1028
8024
2431
6003
151
3160
201
4600
7736
3807
6333
2081
992
3055
3803
7448
6423
2969
3246
3356
2346
5131
4988
7106
5461
1384
7967
4068
3976
4286
3133
2601
6205
8994
5891
8096
6764
5329
477
3787
1127
7086
4020
7145
6359
6894
285
689
5885
2033
46
2083
2101
7046
4662
5314
4605
5316
4880
8707
597
2642
2501
4663
8197
4062
6139
1835
1862
3367
8927
6175
5321
1987
2295
5247
6245
9213
3092
2651
4359
5446
1072
9083
5486
5382
3301
3884
2526
904
8262
1658
5390
9242
7101
939
979
2762
9033
96
9185
3048
7814
6406
6243
1498
8101
8355
8490
6208
9385
5263
3061
5241
5969
1487
1890
9009
7146
2468
5981
5010
8287
1740
6801
783
8205
7565
3035
5928
1360
5204
1157
1246
3344
1106
8704
8133
5850
6586
1650
2121
9158
4729
1955
3697
8093
6782
4642
3158
4366
4504
7221
4791
7249
7313
6271
3284
4374
6749
7767
2291
4316
1139
1495
2777
8703
4686
8315
2800
3671
1653
3723
2636
4450
2553
2264
3851
2633
4721
673
2974
5473
8089
172
3569
5096
4096
457
3915
8829
3683
7638
7646
1497
5924
2976
665
6468
2234
7569
3838
2459
7058
408
2207
6424
5702
6192
6534
6292
6709
2665
3874
2900
4802
6964
103
1188
8362
2309
2688
5379
6194
7634
199
8278
6511
3045
2109
1860
332
2054
6923
3694
7373
6121
5233
4049
5672
935
128
7128
3634
8665
8906
3702
6555
4127
8294
8348
9124
2342
7236
6075
972
2492
3150
4239
8356
1792
1126
1647
7090
741
2646
9179
8595
3163
805
5794
2066
2269
7854
4365
4309
8438
6638
4621
3846
2768
9337
3649
5762
7440
9206
5888
5341
7051
4123
4688
4224
2989
4774
3390
1797
1977
3719
2605
4628
250
7682
7605
1838
6848
4522
8944
7648
4778
953
445
2832
7988
5778
3207
4794
3305
4674
1796
2334
8834
9311
2811
727
7107
3098
6969
4279
3488
9289
4249
8417
1027
7557
5661
8266
7235
7743
4609
6902
7311
5644
9141
7530
7354
2708
5153
3002
4619
1787
513
162
5864
3997
5183
6375
7688
8252
4953
7757
294
304
6943
9291
9059
1625
4824
6179
6657
2814
327
4247
2143
6311
8604
8114
812
3980
4379
4496
9040
2464
9096
5168
7322
195
6956
6016
6475
8005
1159
6754
8397
1553
3897
5745
1330
4664
4848
122
8108
6796
3579
1873
210
4467
685
2321
8276
5612
3024
237
2879
5545
5239
1115
2792
8447
7944
5555
9229
723
8681
247
8802
5427
6509
7762
4403
5763
4384
8492
2660
1731
4525
5117
4182
5437
2421
5919
5322
3514
5552
3493
8590
4829
4280
1587
6699
1916
2087
8496
6802
5866
4415
8991
4695
2519
8955
4723
5453
33
530
137
652
895
334
2272
8426
3010
8092
8659
7316
1754
148
7110
2669
9120
963
3071
2424
1547
691
8458
9217
2221
8881
2203
5371
4202
2620
6361
4495
5361
3050
9266
7662
1603
6207
8545
8917
9365
7903
6442
1041
2581
3331
9348
9132
3969
6403
4248
4221
3506
8940
9294
5557
2408
676
5675
1548
6543
4652
7431
3681
7466
7639
1404
4814
7027
2700
2813
1274
2389
534
3895
1118
6640
5674
5277
3741
3275
4890
3435
8225
3145
6323
886
3470
6975
9322
4428
7672
988
1287
3051
1776
7490
2510
6779
3260
1203
645
4940
6623
1183
717
9175
6157
8538
4725
7735
8793
4898
4195
6377
5225
1781
7014
1864
5496
905
3706
948
108
5658
8818
842
751
3948
7203
903
1418
4670
1968
1478
7680
3316
1473
5044
9227
8943
2736
5275
7403
2480
2173
6746
7800
4700
5806
2091
655
5105
4832
5600
1651
1194
980
5142
2110
861
7584
7632
3254
9087
6379
8644
6103
2034
854
7487
3971
4780
7043
6665
1773
5022
4786
8247
2661
506
1895
6269
7023
764
5619
5077
5532
9145
9021
2809
2541
6160
330
7921
4838
8949
8825
4168
6903
2498
2891
1569
2494
384
3968
692
2356
1248
1722
8988
5627
7392
3760
138
8223
3798
5385
5945
5236
4811
498
1851
4709
1703
8040
1409
8061
1445
5752
4989
1914
6551
5413
8954
724
2928
2869
618
1894
63
12
5207
8836
4581
252
4775
9063
24
1324
1230
5046
1960
3228
6362
2063
4665
7551
3843
7377
7847
7600
7248
6373
9308
4515
1937
8803
1800
8277
7199
9015
1780
2064
5415
8456
6738
8462
2924
7210
3206
4027
3908
8235
112
6401
810
5258
7091
3724
6280
8073
7383
7929
3800
9270
8623
4870
9193
8842
8941
4912
3629
9111
4636
2242
7332
4064
3791
8006
7962
2131
6129
3797
2734
5851
7625
4656
6717
4506
6562
9013
7963
5171
350
7449
9092
5670
2129
8312
320
4120
9152
799
3467
2804
5604
8814
6874
8482
1012
4426
1058
6349
8508
7348
1071
8599
8787
5376
7580
2017
9334
9312
2720
1205
585
6799
8729
7991
2336
2685
7308
6299
1997
3011
6566
550
9275
6687
1352
1150
8722
8543
7350
2616
5787
1529
1467
147
6042
2213
6987
2706
3519
8393
4134
6470
8762
596
4906
8732
6772
5775
2136
7935
2939
8680
5308
7029
450
6574
5365
8528
3776
1261
5048
3426
119
8250
1741
7590
8495
3989
5765
2806
1479
5677
6889
6487
938
2672
3717
5617
6767
3118
7454
821
4850
595
4501
5961
1518
8214
7878
3484
173
8105
5128
8610
6876
7038
1519
1749
3543
6596
1053
5520
5312
5737
2916
7645
2733
4513
1319
7511
6067
8491
4439
6232
5235
5
4810
8645
6893
2160
4324
1945
3805
2045
2217
7153
1690
4671
9210
6693
1542
9119
129
4100
267
6742
1293
3680
4540
4030
8183
7900
6572
3780
6494
3456
7728
718
3182
7721
4948
8658
7943
1998
4998
7063
3515
2362
5603
6210
8106
4712
4865
7096
617
2517
6363
3353
5646
5898
5999
5051
749
4436
8712
1283
987
2398
4746
6466
123
9279
4859
1036
7566
6962
8300
533
3172
116
2807
9320
6090
3328
3705
4578
5669
6392
6427
6966
217
7547
7293
439
5092
6434
2703
2752
3001
5404
6083
2449
3945
639
8271
5137
4920
2415
2546
4253
4103
269
934
2650
7567
7953
8009
1295
2378
4351
3511
315
4991
3873
1757
2846
5660
25
3785
4058
1045
2888
3181
5444
4407
8026
7312
5903
8154
2766
9107
3161
8461
4420
8418
8739
2461
4006
4752
780
6278
8231
9313
6644
1031
2609
2617
1627
7356
6830
5299
6888
8636
8806
3362
6863
7641
1420
2964
4169
4625
4183
459
3549
4667
2301
3019
3766
2634
2476
8324
5960
8286
1681
4951
2132
9255
9241
961
5260
8539
4946
997
2527
8975
1029
527
5064
3009
6044
8635
1062
605
2782
9093
5587
4731
136
3598
4672
591
687
4121
8705
1416
7072
4996
3309
1608
4508
8213
1496
8134
178
607
4682
4276
3276
2866
84
6293
424
7233
6484
740
9378
8258
8216
9335
5163
6775
2215
3875
4484
6360
8354
5522
2212
2286
9000
3537
912
7407
7160
6793
8413
295
1201
470
9045
8773
5936
2833
6400
2542
5368
7378
6154
9370
2798
5819
6055
4826
6597
2071
7335
2112
1867
6631
7744
9253
3196
1574
7168
8112
5559
1786
75
4705
6507
5523
2788
1755
6387
9164
8583
3392
496
2260
7699
2452
5251
8299
7416
1618
612
32
254
3073
3208
7087
8565
6472
3991
2737
5859
686
3672
2516
2525
1633
1432
2183
6523
1881
5386
8506
7329
146
5688
3016
1530
4457
5581
5814
5367
2036
4413
6054
1994
2547
8517
2490
8116
1908
4808
1080
5863
1481
7425
7149
5059
7657
6220
9144
4593
6061
8852
7912
737
1145
613
2882
5865
5284
140
3758
461
2154
6581
6390
5475
2548
7194
7932
1660
600
667
4143
4863
7172
3658
2072
766
2648
7559
6998
7755
5843
6751
7719
5893
1899
8894
571
8466
7111
4480
8291
4815
3633
7908
9323
4042
1695
4932
8608
3666
899
8699
9100
2716
7701
6124
6381
4334
2164
5111
2355
4330
7181
5133
2252
6355
5535
3548
7637
1094
5353
6382
4486
7485
9355
3963
3285
2959
1992
7224
1887
9361
1095
5769
6670
3715
6882
1083
8374
578
166
7624
7582
3403
6298
6546
6531
8696
8964
4346
2796
9072
3900
5793
2357
4897
9306
5199
7191
5262
5187
2990
7805
8342
1070
4584
9328
6805
1635
3076
4409
2857
8766
4073
9212
4541
696
3033
2369
3821
7824
2432
5846
2588
2320
8436
6588
2075
8861
8297
8746
1699
1624
7619
4557
6901
7820
2199
2867
2372
7359
8059
5127
299
7174
7197
6087
2899
242
7640
8869
1373
3604
4110
6033
2333
2925
317
2981
2068
3433
2299
5876
8950
6429
3806
278
9133
4122
4979
2747
6318
3561
4827
1309
7154
7207
170
3718
5651
6343
1362
4154
1050
2039
3630
2007
5317
4242
8469
8904
8201
631
8533
2230
3416
1602
8935
2137
2401
6081
5666
6961
5579
1444
6446
1000
73
4911
3917
3384
6585
4561
5892
1888
6825
9282
857
2303
495
2593
192
2637
5055
216
416
5531
7082
9316
6719
6917
1408
8182
8851
6786
6560
6366
6287
2853
9062
752
3289
6030
7343
8264
6274
1154
1606
6650
2010
6416
7094
7690
6488
2055
7653
3271
4353
365
6904
7042
6924
202
4270
3388
1264
6331
8499
2384
1766
852
6564
4678
403
2267
4524
414
537
1013
1225
1788
2040
6883
3600
9113
3888
5191
8789
5054
7435
2971
3919
7982
1930
2469
8849
7916
2273
2695
2823
5538
5722
4972
1390
5905
354
5943
89
4834
419
4473
4219
9037
4317
8168
2277
8512
5495
4606
4087
8796
8505
337
4867
626
6887
4487
1962
2481
633
7230
3844
838
5141
858
5154
2371
3994
5138
4297
6425
5406
6203
6200
6404
4976
5591
742
6196
4851
3352
4263
4849
7577
677
3628
1262
4292
5474
7000
8993
6202
7428
8572
2104
2113
3311
3345
483
9300
1631
6674
7112
901
7355
2707
4314
7948
3063
3398
753
7445
5525
54
3774
4583
3338
3869
2996
7484
5744
1819
8631
3224
7198
3924
608
397
3217
1344
5584
1078
4337
4395
6755
4463
3272
6912
8918
7158
3122
2589
3096
2365
5510
4424
4683
5302
411
3156
9140
5580
1342
6223
80
5381
5829
468
5721
3093
6599
8540
3829
1149
266
1321
5541
276
7402
6662
6339
8
3698
3020
1629
7960
5405
1436
1859
2474
8125
374
5434
392
8322
5714
1939
6600
1508
9051
6722
9269
