1504
8821
7251
5017
7932
5804
5706
8399
1238
752
7349
2546
81
5012
4200
8694
5982
638
6290
6314
4408
2192
7031
4704
7982
5317
7705
103
4443
3278
3886
7767
3426
7575
4691
8417
4703
4711
9093
3037
4566
3926
3572
606
3477
5268
4461
329
5543
8039
3027
9304
4420
3542
4743
6563
1426
6603
8958
4988
525
1366
8912
4235
7029
8676
657
1746
1942
2823
2121
2038
3859
2183
2500
1101
3420
1699
8010
2349
7555
9182
4025
7881
7135
4095
8115
2560
9128
3571
6527
7923
9362
5510
1448
6840
1674
507
354
8101
7674
1820
1188
7833
7369
7509
4746
7404
2526
3019
7079
365
8838
971
8140
4281
197
3182
2450
1011
4509
3609
4712
8063
5708
3860
4016
462
7880
9211
1397
3871
6146
4140
7984
1592
7131
2324
446
5935
2416
781
291
2601
5673
7882
2418
4903
1643
1154
2109
4813
7743
1577
6155
5599
484
2400
5476
1115
9158
134
2498
4935
1190
1546
5948
9054
2001
4531
309
3606
2568
4457
1813
7609
690
6072
4894
7206
2221
4316
1085
5048
8791
3380
8487
388
3080
4019
2092
570
4874
6635
1317
9059
4352
5781
4910
7133
3924
5323
4639
1502
6481
3510
4815
8312
1195
5195
2510
2198
3071
3295
3068
8879
5473
5244
190
209
1725
1740
4537
6253
8521
3509
3089
408
8349
3133
2895
9083
4583
7944
4800
8931
4124
3643
7078
8808
5907
7943
4264
3232
3015
1252
2422
7830
687
4355
565
5457
2678
6893
5185
1842
1600
2665
505
1345
2978
2636
4395
6394
6407
4434
3384
3128
7829
4825
8941
4010
7938
7897
1040
2617
8171
2759
8189
3227
1782
6270
2647
4750
7817
8262
5744
2528
7507
1882
1593
2256
9229
6945
5220
2135
6983
2462
6498
4202
2296
1445
1938
3638
5797
6188
4774
8557
7063
351
8891
4521
7227
1605
6727
4652
7243
6241
8348
5482
8195
8943
2852
1380
6352
4956
7006
8880
3471
62
4454
2952
34
968
5024
2689
802
6497
1275
4544
2268
2533
8365
7012
8486
2293
2316
6782
6523
8886
2398
932
8709
5199
1935
5318
7074
5986
931
2002
5761
6811
3390
5256
2536
844
9310
2828
9044
3172
7850
5150
4275
6514
4717
1531
1230
130
8520
9214
5864
5933
3429
3392
2863
9091
3521
4817
1498
605
6545
5634
601
833
5648
6477
7198
3220
2104
5687
159
5918
7835
8769
9139
7440
9086
7289
1027
7950
4297
860
1566
5514
3633
8860
320
8984
4249
7284
1732
9329
9025
5412
5290
4613
6217
4109
1057
1359
4728
4470
5083
4455
6196
1404
2663
3500
3363
3421
2729
6439
2564
7981
3851
78
5110
4022
9082
3041
945
6759
2553
5358
1937
1340
3012
3957
249
4222
5537
6640
4293
2279
4361
1191
3897
8727
6108
7457
2495
171
899
4035
7400
9166
6684
4044
4252
2948
3829
8226
1639
9062
91
7277
4298
8927
3536
8119
3529
7906
583
6795
3527
9112
3352
4154
2182
381
6082
5669
7126
4867
1421
3808
7896
3016
2373
4106
5044
4481
435
2659
7820
838
878
1059
3763
11
8922
8954
1949
290
5370
8344
6376
4327
5562
1731
4651
9290
5686
2016
992
1793
1251
5250
5821
8206
3119
1509
1008
7324
8583
5746
4992
774
5873
861
5444
7183
9207
3964
9357
325
6940
8624
5657
7852
2246
8959
8894
975
2026
1584
2842
2785
4027
7966
1939
1473
8754
3558
426
1532
1037
1708
1078
8926
8713
1994
5760
1142
1779
6755
2353
3836
1638
396
7336
3544
3460
3065
6210
6600
8440
3456
1586
3569
6971
364
824
7853
380
8059
7102
3189
6534
7738
7531
8996
1500
2380
8627
5931
889
2354
9032
4384
3773
8651
1456
3823
6734
8414
9051
1157
7365
8938
4860
4915
6312
8849
1983
4741
3730
3233
6912
1934
1561
1943
2144
7181
5825
5729
8298
911
6647
1254
8757
3181
4513
4986
1503
7802
7233
5805
7467
5034
8175
8701
7441
5906
1611
6669
1981
7977
7402
8914
3586
5085
3933
8859
4674
3559
255
3191
4097
7737
3932
7628
6861
9323
2582
6796
2756
888
6505
8339
8605
1474
5629
5625
8234
7392
1339
613
8663
7842
6119
8166
3342
8089
1015
281
4030
956
102
7246
5301
116
9161
8881
8424
2791
8729
2589
3296
476
1342
4209
6844
5025
997
4046
7497
1064
8058
7862
6028
3416
6520
8277
75
7974
6836
2382
7027
4376
196
2991
980
6916
3051
6816
3991
5054
737
9060
1845
6454
8839
4768
648
2986
5518
8513
1272
3270
939
926
6778
3461
8004
6566
8890
7298
4805
4401
2670
1673
3374
3584
4520
5441
2391
6060
9359
468
2662
7417
4695
1507
799
941
2784
4115
6354
5767
9273
427
6013
5849
3160
3631
1451
6346
972
8750
530
7317
5196
3213
2454
5896
2252
5325
2527
2457
6986
1153
1814
1905
1987
2417
6536
3186
4286
8577
2761
3105
8887
5694
3937
3832
8857
436
1819
2856
9217
2811
8401
1096
5981
1429
8346
3911
8644
9218
7092
9271
3864
5032
5052
1796
4898
7070
7248
4244
328
8820
8230
8303
6735
1794
7267
3513
4599
4090
96
1174
679
1670
4630
5772
5497
8527
2730
1009
7711
2005
1134
232
1812
2625
3359
2314
7922
6054
7276
6103
5435
7013
6807
225
9127
58
6388
7444
8068
4341
4406
8177
6802
4945
8544
6870
5439
3959
3724
6995
9364
766
8007
1407
1063
934
6901
105
6968
768
6813
4055
1564
1635
2634
3538
1361
6972
8232
6843
8945
3980
5489
3402
3455
3163
6894
8248
1973
4203
298
8554
916
2067
6403
3866
2540
9085
5120
4337
1766
4517
2004
4367
5387
8969
3514
3800
8519
5350
3983
1371
2055
8064
3487
3310
6774
6190
5225
3913
6116
6941
8456
8425
998
6431
6333
9233
3067
1972
56
4256
6804
578
1715
2838
7342
149
532
3971
6753
534
500
7174
7054
2702
2190
3294
4591
106
1375
6366
3096
358
2558
573
5493
4500
653
9281
6535
5207
2227
1627
7563
7048
9256
369
2377
8711
3640
6159
1927
8588
6144
8001
2697
4918
7886
4218
3311
4546
101
2216
2053
4629
1239
3528
1616
6687
8911
3187
2321
227
2097
9262
7175
8993
5552
2747
6752
2366
2101
1172
1179
2173
707
7525
6194
4005
7056
9050
8856
736
8190
1033
2855
7663
1171
3323
8596
6693
6980
6023
4171
9279
5519
287
1053
6675
4641
7465
3262
6552
8054
6671
8052
2704
3841
4791
1599
5033
9018
6046
6175
5230
98
6189
5117
4530
4940
3013
5681
9213
5181
2604
212
4271
6318
1908
7501
6594
5671
8812
9388
7905
3011
6729
1148
8450
2361
9141
250
892
8946
6649
4715
3448
4798
5204
1225
5128
3874
8745
871
6319
6541
2125
1664
7120
4837
5292
3656
3767
5280
1492
3214
1910
9198
3744
3179
4920
4869
8708
7151
1447
2796
3061
4600
6360
8852
2802
4453
6830
8739
4358
543
3627
2226
773
8264
3945
1833
1369
7985
2713
4559
2165
8861
2715
8055
8305
2584
3645
6031
2393
1396
5045
7128
6565
6125
5066
6026
2405
7993
6307
9356
6114
3412
9270
7587
5274
5465
793
4786
4720
6890
4246
898
3566
5606
1745
6336
6015
5483
3368
6036
9238
6927
8266
7763
4830
1227
9169
4060
3610
79
9005
864
8573
6127
776
5672
7460
5732
2415
5041
8135
4547
804
1337
3939
8461
2407
7331
5824
3840
1162
6271
3530
5529
6501
9320
1869
2743
5265
7481
7008
1602
8606
4473
2210
3156
2282
761
2530
2051
5214
8910
7368
3274
8509
3077
6416
4752
6348
5927
6334
3777
3361
6760
280
2947
2036
1314
6225
4616
1762
9367
5437
1555
7236
1727
3710
1630
1334
5236
725
4053
3984
1097
7042
4151
2686
586
4251
3085
7000
5591
3393
6865
2072
2778
7604
4423
2150
9268
1412
4424
2965
1300
8685
8011
8915
2851
6637
5166
8668
6320
5143
5013
4223
2494
4501
5745
3236
3518
120
2612
1280
2215
7596
8201
141
7247
6268
2394
2371
6397
5568
6485
5748
8174
8824
1183
3261
2395
6673
1395
6215
4064
727
4125
1536
2790
5819
5526
1734
7696
5755
473
1645
2375
4267
3810
8686
1093
2587
4755
8292
7229
9206
4464
5416
8213
1048
7087
9126
6751
5828
2251
5830
4036
4133
3452
1970
3666
7290
9081
3753
7968
8294
3242
3973
1209
4155
4407
4276
87
3696
6362
1130
8460
6906
1145
8193
2861
7127
3906
4181
5644
5753
9168
3438
1273
6838
2080
6701
7302
6612
4374
4619
7254
3801
579
2735
4503
4076
474
5098
6322
6819
3162
5869
5589
8269
2501
6489
1788
3621
5628
9116
1774
4241
988
6776
1951
1494
4818
6812
7888
4519
9386
9031
5993
9226
4584
3400
7139
8811
8047
4085
4343
7453
4000
4891
2157
4515
6676
1522
1886
7710
1654
999
2632
4164
6041
717
2619
1236
695
4077
8137
3169
3205
5641
3228
585
6293
749
8448
375
2699
1974
6832
451
4834
3884
9150
2069
1563
187
4624
2772
5369
4572
2799
908
2267
3320
6573
4944
6818
7660
5470
5762
286
9106
2857
633
3916
1807
2992
5747
3154
1406
6586
3244
3138
9079
1072
3855
5630
7779
2308
1594
3450
4386
7538
357
1840
9152
5739
1666
4080
8876
7422
1415
8705
5316
1501
5171
1706
5904
5515
9006
561
5601
584
6991
3504
3090
6374
4317
4178
6393
8833
1165
7785
5208
6915
3588
6770
5019
7489
1541
8250
4365
2102
1865
2586
4482
6349
6003
5272
6775
3043
6677
6291
5156
4037
1286
6577
1222
8936
1140
7009
137
3462
9174
4722
6855
1044
6169
2706
8951
6214
5631
5910
7032
6040
6920
8150
1400
1868
2703
2881
2745
2994
1343
4907
3725
5070
6805
2800
2968
2008
8275
4787
8493
111
342
3865
5684
2638
1335
2218
8390
8774
9379
5917
3033
703
5516
7528
7264
452
527
2926
237
9024
4552
8935
3925
140
7887
2813
9381
792
935
3355
1929
1104
7103
4984
837
4368
4794
4664
5678
2437
2556
1920
6451
1652
3008
3915
2709
1528
6242
7085
1802
8782
6102
8242
4736
8209
2112
8259
1246
5800
5398
8205
3299
8747
1682
974
8712
4890
541
7874
659
6593
8019
4590
5240
4596
6549
8633
8921
3202
3329
6614
3239
444
5154
6258
6012
8377
8532
6232
9380
5612
4987
519
5259
8929
7583
5723
1028
256
7176
7044
8568
5157
6221
5619
5639
2542
8340
4487
387
7327
7760
7065
3578
8407
1753
7865
4225
5468
3541
753
143
1363
1558
4156
4182
7610
151
4017
5690
3243
7683
3735
4405
1809
883
9090
6186
3741
7430
1327
6619
7446
7969
786
6390
1116
6192
4970
5834
3305
2673
7196
4273
9097
7979
2710
5246
2312
3863
4306
4912
5402
1817
8423
7901
8814
8160
4432
5001
2297
6641
3747
4176
1514
1470
4925
8640
3209
6989
518
6010
6378
158
3885
6038
1826
5363
6329
7050
1603
4502
8385
6738
4669
1510
487
8831
3618
9272
810
410
6094
2254
2969
4779
6411
8048
80
2879
6579
3436
5712
7157
1839
8263
4360
7926
6681
8005
2030
2025
3437
26
3324
5822
677
927
316
9295
3459
3970
1472
5559
4868
66
6785
2191
3411
7059
2824
4734
6251
361
71
1887
4772
5929
119
632
6049
2764
5709
19
630
6165
9354
1004
7787
3259
5547
8350
8841
4906
8874
2972
3092
4603
8797
3936
5633
3490
1713
1631
8491
4555
9316
574
4742
7213
6891
7640
3252
3690
3088
3856
3444
8867
7599
5266
390
740
6946
8273
8719
6347
1282
2369
3140
5685
244
8361
5843
472
2299
3081
5624
4626
5342
6247
3650
7572
3194
8925
572
8730
7780
1240
1763
2630
3005
967
5607
6526
3176
3802
4007
7169
5408
1909
4004
1218
9368
8428
9284
9061
8770
6957
2049
7265
5946
922
6713
7295
8581
6854
247
510
7401
8222
2096
1321
7494
3288
5384
4914
6899
5921
5463
4469
4876
5637
8363
954
2896
1613
1023
2614
3151
1257
8781
4886
1515
422
8149
5517
2497
7099
2868
2975
1855
8293
460
8756
4307
3035
1557
3441
3998
678
1776
1114
432
6391
300
7689
8720
1213
4589
3706
2317
7556
6543
627
7917
5172
2298
8678
6187
7272
8046
5975
5355
7815
2633
6609
5284
662
4431
6235
7757
3317
7588
7909
6643
6256
2201
1387
2350
9335
2695
6480
5478
1156
7838
5584
9225
4067
7235
8589
7318
5365
3170
366
8313
7740
3956
7355
4849
7304
6462
2372
7480
2264
4974
3413
694
1184
7300
5885
1671
6522
8889
3142
1932
3034
4231
7940
7136
429
1173
3301
3981
621
7256
252
3501
8690
428
2615
4101
5009
7812
746
6828
2229
3297
2901
4625
2403
6273
3703
7912
260
1351
6287
6608
4023
1428
8499
1565
8114
7380
4579
6122
8014
832
7386
1332
5890
3152
8548
7195
8016
7854
2225
6898
5487
7951
1446
4084
2203
2890
4525
2930
8650
2754
5492
6911
9027
6069
577
3608
4052
186
7142
8217
1401
5059
160
3737
7093
5421
4350
2027
1598
7849
2477
2725
6707
4529
7620
475
993
990
7633
5632
6184
7670
7189
1262
3875
8080
1249
6703
852
8255
3826
9314
7614
6173
946
208
405
8547
4073
7038
1481
745
1797
1714
4441
8221
5219
7920
2022
9020
6356
8689
8585
2085
2194
1450
2599
310
5939
5430
8590
3960
2162
6937
4254
8098
1214
5080
5501
5536
2974
3813
5360
9134
7680
5113
8619
744
5998
1588
1055
1370
4445
5642
2600
4963
9023
3846
5557
1996
5253
6582
8553
6588
8900
623
5964
2154
8143
3663
3818
7472
438
5006
6697
2742
2332
1781
5438
1269
650
8022
3857
2690
9009
8673
7471
7502
2237
9104
8360
3198
3032
4438
1484
3308
5649
3433
7764
2555
5469
443
2348
9066
6351
7209
8128
5944
3238
7706
2442
3117
4753
399
7948
2255
2967
6888
7199
8909
7119
6367
8799
7261
647
8698
6718
5103
699
1721
8207
8598
6962
533
2011
4261
8342
306
6871
9204
1576
4866
6932
8866
1883
1669
1860
2433
7889
1288
594
798
7096
154
8191
5616
5119
8107
3662
1738
2727
5184
3786
5397
3339
8049
7104
9264
2151
2741
8462
4979
1107
4895
6615
5505
7314
3039
83
2763
8181
1553
7223
4440
1982
4983
6966
185
4803
4843
9034
4522
2045
5679
5417
7681
4413
4057
5389
4689
5953
7017
1413
1024
3648
2900
1534
6496
8210
6002
6866
1849
1013
1204
1374
7990
8021
8836
1622
6827
3953
1119
8037
4953
5711
3087
6930
5011
7533
6975
642
8429
7058
2269
2193
391
5164
8516
5058
3491
7052
6025
6305
5201
7910
8955
5713
8952
4773
4628
7110
4833
3775
4167
2523
8015
5980
6853
4508
6568
7064
1711
2755
5622
7055
8647
3883
3451
5144
5796
6638
4197
6528
7403
2295
228
2652
2511
4383
6267
5977
3782
2918
3148
6088
3726
5345
6368
8320
5995
5114
5480
2602
5531
8655
2346
862
6213
4911
1642
5809
9289
4172
2327
1759
2035
3523
7597
6964
7991
168
8973
5553
4270
3240
4690
5532
3642
5728
1913
8060
1071
7631
8767
76
9103
6007
7814
6763
9014
3287
7351
7238
7848
1736
9312
1958
135
3280
1767
6292
3824
5056
9173
8397
599
1646
3689
7532
4850
6700
7786
5737
3188
6768
2946
5329
2642
8691
7798
4034
1854
6361
6201
7425
7484
4342
2701
7279
8396
166
5093
4955
629
4924
3512
4796
7062
726
3685
3388
8725
6332
9343
2019
2453
3745
1480
4853
3562
7193
1050
6181
4927
5496
8692
5267
3333
7309
5842
338
1242
8416
4366
5808
5803
640
4675
285
794
7508
3073
2166
248
5243
8539
9365
706
3394
4394
962
1089
4257
7554
5908
1168
3246
6151
618
6767
8065
1424
5418
7469
8073
1354
6047
1805
1519
5490
3994
8636
46
1871
3050
2383
1775
7561
2057
3350
5838
6741
845
953
6255
3517
2593
4999
6862
3781
8466
7566
6630
5474
2128
608
2933
4467
5714
2490
2158
7388
4538
4708
3445
951
5675
5652
5403
2882
5670
4103
7873
3919
4978
8642
3414
5859
2303
7883
379
8179
5404
1423
780
6922
4828
6564
8025
7616
854
5
2077
7638
1468
8623
4759
8863
1520
5504
2337
7784
6297
2858
7800
5460
8467
3256
3309
7015
4631
7569
820
7283
39
2942
9221
345
2970
2410
3951
3573
7519
9234
8062
4764
603
8247
4300
631
8919
6004
3702
7553
7775
6655
7161
5897
5973
6806
4330
1571
6829
8439
5627
6598
8649
2280
7297
3473
6988
7201
924
3903
8452
1045
5816
8658
4142
4075
5987
7578
2578
1123
2178
2835
25
617
658
495
8630
7728
3716
3304
1016
5598
4587
6793
1545
977
2440
1136
4056
7539
5780
1513
1469
7326
5573
1702
1795
8146
6068
4778
3277
3761
5703
8572
514
2474
4112
7832
600
317
7296
5786
6427
6182
3838
3564
6788
2643
2832
4193
4111
1067
686
8992
7089
4353
8161
1432
7520
7212
4472
5366
4937
1458
7729
2470
1828
8490
6408
1325
7498
6967
4245
8587
3908
4128
7320
9096
9162
118
4104
3878
2724
1477
9285
905
3574
2771
4226
7415
5111
5785
8003
7068
1434
8310
1356
2889
6499
6518
3312
4162
3503
5042
8901
9212
3948
2932
5989
3599
5923
8359
6252
4428
7
4845
7712
2984
9070
5955
7476
6994
8924
3728
372
8317
943
1850
8474
6781
5934
3999
3739
6409
8382
4832
3667
7370
8555
7004
894
1402
246
5282
2768
1111
652
1697
6
24
1393
3147
2475
7591
7773
7252
1237
3695
4812
7187
4723
2458
7108
4091
4854
6275
4043
1341
3369
7407
8975
1589
8412
2465
7627
8566
2737
461
205
6821
133
3370
6529
1132
3056
5090
4032
8703
4580
2408
7359
6095
2675
8796
2548
6947
1686
5990
2288
3814
4059
4932
6254
7790
268
2789
913
7316
8291
7026
7353
8147
7564
6551
7221
6620
9350
7173
7358
2489
5533
981
3120
4132
8370
6772
5511
8356
1750
5319
2276
1921
5710
5031
3269
2687
3506
8012
2207
4569
8296
4888
6250
5251
3969
7536
8104
3014
2515
7749
6050
4451
9157
8447
5133
1749
4865
6936
7893
272
521
4219
5335
4653
8072
756
1349
5587
7274
6560
1950
5004
7688
9259
5158
1309
5524
5665
6061
2843
526
5698
6471
5911
1373
2043
7203
8870
2272
1619
6686
1582
7338
6058
3193
4901
1957
969
184
4301
8334
3713
5341
4227
7855
1163
8604
8327
4716
2402
1716
6674
3419
3723
7825
5471
7611
4191
5689
7287
959
198
7959
6228
176
304
2753
6372
1417
5582
2333
5055
9146
7592
5888
2973
7574
3141
6780
6783
5228
9030
433
5322
7723
1568
3125
4108
6274
7165
5178
3940
6525
6952
5245
1675
7242
5499
4138
1049
7390
449
1301
2887
1923
3079
6029
2575
6965
6433
2966
313
1640
8546
1219
2529
412
278
5449
7994
1847
8742
5275
5212
2041
8896
2358
1758
8254
1333
9002
675
7949
7510
6925
7384
3474
4567
2504
8395
3285
7452
4410
1324
3976
5740
4082
1346
769
1258
6547
1457
3144
1264
2451
7810
9300
4897
3989
4452
3752
5509
2732
2496
6412
7218
2997
2460
3720
7875
1431
1742
3045
6616
5485
2479
6919
1720
2113
8345
9105
5789
554
1861
6951
9121
8258
7998
8477
9167
6597
6544
4412
2520
2406
35
9047
7462
5551
3093
7451
5427
4706
8252
6837
6784
3604
6717
6415
3084
4459
4426
754
6200
454
2056
4378
4033
9154
4113
2919
490
2175
4280
3568
1579
7515
9253
3576
2283
6512
2032
2626
6404
6206
5062
5579
9317
3837
3601
4646
1723
2635
7690
6371
6786
4468
5057
5727
6090
3023
5149
6216
4976
155
3123
2134
9000
9087
7617
3644
4788
2485
7118
7204
5378
6377
1318
8141
4390
5556
6375
6138
308
1058
986
729
9301
1263
4701
9345
6873
5775
4381
666
2431
7335
5498
8281
6938
3365
8875
1471
8631
654
8094
3751
665
580
8454
3257
1141
5966
7651
6636
2234
663
3498
7313
9236
3567
336
8495
2522
4926
3594
4014
3756
5788
3076
2463
8178
3124
588
6754
2328
1552
1422
2607
2170
5752
9210
8753
4211
4824
5135
9057
3712
5372
6993
213
4640
8197
7084
415
2378
5486
5338
3624
4568
9274
3219
1824
1019
9347
6035
1381
6808
3468
2616
7672
1544
5324
6339
3353
7491
1256
6195
3635
6719
589
4528
235
709
3738
4902
6104
9017
47
4319
7904
4859
716
7570
270
236
1691
2886
3975
4387
7292
5730
4636
9330
7765
6762
5310
5445
6746
1491
2565
5771
1435
8457
3920
3672
4288
8732
2837
9293
5902
7778
3619
2596
610
8157
2915
1135
8469
89
1517
4123
1292
9363
8044
2047
2878
2199
8752
2110
3590
1668
3780
3422
4952
7250
748
1512
2649
5030
441
7921
7005
4682
2013
4729
8744
2711
612
7018
4230
3049
1830
1729
9022
1160
5968
4514
7237
9187
5177
1997
5930
2960
2294
598
6889
8571
4340
7485
2306
3206
7675
1657
511
540
4561
8950
8806
5141
4240
4136
3591
8330
4450
226
8272
3636
1385
3467
4221
2212
7864
7851
1175
4873
5550
4972
4391
3835
2449
8472
9261
5452
4526
5719
8118
6096
7715
8307
8751
6596
8198
3688
8473
8613
5731
3062
7868
292
68
2367
6395
4541
3718
8212
3788
4650
6269
6197
48
4403
4516
6441
8511
9223
1365
1083
1719
2961
1903
8620
254
6723
3052
2233
571
8155
4216
9307
2082
2801
3555
7643
5390
544
7178
6939
2618
1149
8599
995
2983
3950
7043
8635
4518
2850
963
9216
8183
8953
9258
4785
4795
900
6455
327
8680
7477
172
97
5919
985
2583
5354
961
7626
890
2962
5187
3556
1870
6171
7299
3803
4649
5549
5850
6756
8465
2273
5578
2435
4609
7540
4190
5425
7011
6032
7002
3605
4565
4683
876
5661
8267
8163
5961
9137
2290
3492
6227
6164
9202
1379
6652
6132
4777
1722
3628
3344
3454
1915
587
6283
4921
6706
2728
7747
8580
651
2927
2414
7492
3708
1226
6648
3700
1901
2399
3028
296
3580
7332
4835
6345
2507
1187
7234
6229
4594
660
3505
2493
2160
8597
1760
1436
3682
2486
7448
8380
5086
6558
1146
1718
3894
2508
7106
8436
7522
2132
49
7319
8158
2707
1971
1560
1783
22
4268
6956
4819
175
504
5424
4916
5455
4608
4313
1378
1836
1102
5707
8426
63
8504
8082
7692
277
5542
1430
8314
4627
7822
9326
4973
4601
4081
5494
5279
4243
1961
6009
7427
8595
7671
4982
3184
1698
3496
5248
9036
5586
6876
1815
8077
8898
7664
3047
5585
9078
5295
1311
7769
872
8976
3424
7700
9108
7861
5137
2958
8040
536
5840
8607
7907
4078
7343
4749
4685
60
9219
4757
8507
5807
7933
7191
8932
2048
4571
7459
9136
8056
491
2814
7718
8404
1822
5116
6845
8600
1232
5410
4756
5242
847
8628
1194
6797
20
8139
4212
4484
6928
738
6428
728
1933
2822
1068
3532
2581
2777
5193
7306
4855
9215
1158
7867
8700
7945
5337
4194
3678
5594
4758
9052
6744
6758
343
2028
9039
6691
9109
1039
7730
1581
4117
4761
346
2821
2502
2401
6959
398
1001
8113
5299
6970
3107
7761
6516
5872
7584
734
4483
8683
3721
5815
5614
548
4299
8468
397
4882
2591
3409
4163
9003
3042
238
4776
8760
5539
8654
8050
4062
6369
5860
2257
5660
245
778
6629
5750
2862
5852
6847
9370
2517
3263
3237
3707
5336
5571
5467
7447
1410
772
5174
7022
8763
3516
581
7154
2471
3923
5769
8295
7956
2551
4861
7918
8569
2773
8142
3658
8697
5188
9183
560
3795
7908
3692
7793
3230
8979
4199
3064
6466
9200
8736
4220
3322
2386
5832
5848
8445
6100
741
2039
4556
2758
1799
406
5735
2977
2397
4074
2623
8611
6093
334
4959
2258
1042
5835
7424
2999
5217
6373
2816
1164
8249
5167
9251
5829
6921
3097
7795
5545
3827
1892
2959
3103
1143
6943
3704
5691
1271
8325
7269
4147
6950
6801
8594
2940
858
4643
7720
1986
1043
5991
6914
8888
4491
4127
4492
1181
7637
3552
7526
7482
2929
4573
4490
6769
3681
5899
3235
347
333
958
6979
8031
6309
7512
6150
3683
564
1790
8928
3396
3849
485
3314
6468
5273
3271
7406
4224
7716
1587
1357
3378
6014
1747
2646
6113
2103
3195
6179
4612
2570
6502
1846
1816
3845
6400
3561
2095
901
7952
8977
4726
8916
50
2259
7961
2432
5865
5994
1319
2516
2794
1109
2148
2180
7936
5658
3004
3910
5695
2817
1069
8823
4842
12
7159
5021
5286
5820
4141
1368
7826
9384
3830
8897
8120
4604
2779
483
173
4416
414
4318
7464
8995
8355
9095
556
1792
3054
7171
1465
5951
7831
6277
8989
1490
4809
2505
7548
1355
1080
6488
4145
3265
3020
3789
6461
217
4668
8552
9180
7543
2060
7523
211
5283
5999
9122
5264
2236
5037
2136
4938
5132
5027
1980
7914
6817
7685
1122
1585
6835
1459
6611
340
1438
6771
8026
6998
4041
4488
6694
5866
614
165
896
3458
4965
8092
2065
5218
2335
5331
8071
7721
5726
4606
9319
5844
192
4792
8679
7606
3968
6434
2995
5512
7649
6018
7734
3698
9068
4195
8238
2562
1220
4831
5700
434
8510
6867
4676
3570
7001
2023
8202
6257
7794
9222
9148
3069
8502
9138
7549
3110
8667
8117
5936
8904
51
2424
3387
7346
5423
283
6663
2660
479
8534
4102
9072
4332
7565
2147
3234
1274
7970
2219
3221
3273
757
3318
5453
5958
7140
4011
4790
1644
5802
2897
8336
1391
6621
836
7499
979
3203
37
1956
6248
4593
4560
8133
8652
6665
5124
470
4877
539
3083
1948
788
7197
5234
4415
6654
6570
3963
7474
4380
128
5996
2957
6429
8352
1880
4769
5692
3465
7376
1872
1386
9130
4206
8233
4414
1851
624
5527
5386
5889
7983
8792
1091
5115
5168
4449
3475
1255
6136
70
8357
9292
3842
6913
7433
1825
7194
8801
9065
1844
559
6521
2971
2605
4765
609
7356
2146
8494
4304
2987
8100
5884
7202
5464
2644
9360
850
5084
830
3480
867
2913
6399
3525
2352
8162
869
5446
7046
8913
2034
6110
5770
6106
7037
5677
2277
8579
3661
5938
6447
1540
4121
2304
6304
2903
7895
27
7858
17
6460
4266
1537
1976
7487
243
1628
3949
639
8948
5854
5757
7615
5564
1152
8666
7033
2734
2480
2059
8244
4329
5580
4663
5315
5349
2574
6490
8584
8075
5810
3833
3729
5361
219
1293
5475
3560
2892
7902
8070
3825
3664
2124
7878
3168
3717
1572
6180
7468
7673
1902
3453
3391
7164
9374
6688
1889
5082
7192
5229
6064
827
3009
7636
7843
3668
2292
3880
7045
6380
6386
8961
4857
8699
3055
1022
264
1304
8724
1549
323
2950
777
2893
2204
5087
8358
7607
8784
6045
3750
6134
4686
8220
4710
2769
7535
1467
6157
2621
4186
5853
5602
2488
4028
73
6839
4291
6574
6584
9299
7756
5393
499
8629
4404
4827
3909
5937
3325
8622
4093
6766
643
6685
3881
9383
6449
2910
7156
8020
4607
1511
6715
1704
6295
5572
2345
8099
7495
6792
326
7698
3715
465
6078
6259
7423
4277
2342
3063
520
2230
3272
1608
8367
1041
4948
2894
549
4148
1299
5129
5026
7220
8665
6679
3427
3764
9073
9306
4725
294
6905
8326
5109
522
6633
7172
6949
2094
8903
5094
7134
139
356
1100
2820
9008
7071
8153
3577
8956
3929
7630
7809
2664
2831
8006
7076
6562
2172
5074
8152
5521
2597
5155
6711
7989
7367
52
1235
808
7344
8968
4784
2680
7946
7405
9267
7972
3408
2360
6172
7791
6326
1798
7205
4496
2231
4198
8018
5211
4917
1554
3401
6531
6238
6610
6363
3935
903
74
6328
9230
4477
9175
2620
6509
4051
2356
8392
3121
9288
7153
7260
9099
7622
7542
3540
1348
4887
3941
6622
9248
1079
8728
7080
2018
9053
204
8223
8884
3379
6680
3293
928
9199
2681
5699
8743
673
4848
1095
5105
7397
3031
3731
671
7399
234
5192
7147
1595
6437
4714
739
2006
2137
9063
1208
7341
1046
6969
8648
5175
1382
395
1245
2159
3796
2116
6438
8333
6519
5466
6599
1867
5940
9332
4905
7053
865
5005
7859
6323
4991
8237
8398
8985
1523
4442
6479
3794
4419
2658
964
1113
7418
4346
4657
5845
6779
1322
169
1170
77
917
7684
8550
4479
4184
7217
121
6071
5952
5405
5343
3727
7585
8148
1291
6440
8145
1936
3647
6465
4539
2153
4681
7496
6344
5674
1620
3348
1295
4975
8067
3654
7160
1217
3126
2385
1955
8379
795
7603
2640
5720
6476
9033
5277
5364
239
1449
1899
7255
6857
6856
8129
831
3790
86
7789
4838
8459
2592
8435
2250
4092
3
5570
7500
8419
5667
3895
4783
7506
4309
4422
5560
6764
4586
607
4335
3284
1479
4658
1495
2355
8274
6117
6761
2202
2278
3007
55
523
3565
8218
595
3778
7328
8790
4947
5892
7329
5392
3882
3026
4614
0
2179
710
3291
3302
7439
2186
3986
7334
558
948
2141
1497
3847
5615
6463
1403
6790
3381
5763
7257
6555
5878
874
2691
4324
3038
1911
1486
7231
8716
423
4173
7931
3165
348
4605
8045
1730
383
5798
7571
841
7783
921
4292
6524
704
2683
5061
4647
3876
1687
2164
5880
7445
760
5959
7040
7177
5165
3171
5756
955
4816
222
8214
6826
5583
5414
6316
2384
7682
7226
1026
3146
2668
9291
3403
634
7545
3770
8402
5221
1778
7219
6953
2688
1499
538
8759
822
4489
322
6207
5461
2073
4871
3251
1061
6021
7152
5567
5018
6623
104
2107
1110
3025
8368
7646
1478
1247
8578
4611
8306
7722
5078
1212
575
3292
8565
6398
5528
7141
2787
3231
6483
4174
2466
2456
9040
1180
7266
6244
1505
3900
8614
2245
6882
732
2161
5963
8610
7695
8311
4645
6725
4333
1831
3522
5535
6642
2534
