1085
2088
3574
6431
3313
7951
8995
3393
5931
7123
6114
7553
6675
888
8573
258
6347
8597
3354
3093
8236
8560
1800
6559
2935
1093
6846
6030
3450
4040
1023
7320
749
5627
6948
6087
7489
3375
8631
6015
4587
3646
381
1037
1185
9194
3039
3862
1081
5444
6550
2117
5978
6425
6149
5741
7369
2220
6869
2260
7429
8517
4500
1010
6421
3145
7498
2547
8626
9007
2621
1793
5535
1844
7500
2577
7248
6474
2506
3687
2745
2807
2881
1256
7227
5775
638
6773
1307
3288
2485
4993
2204
2146
1891
364
4961
7322
6916
8861
8340
4223
564
8137
8513
6596
1044
8588
6419
7865
6683
5789
3644
4020
2019
729
196
3980
1104
1483
6908
5824
7439
3146
7197
3369
3863
618
22
4215
2379
7434
44
7238
4350
4650
6670
955
4362
2164
6478
961
1746
4458
7212
7021
4957
6576
2993
4298
6471
3812
8603
1696
2591
2624
8446
7105
2354
7848
3116
8718
8160
5270
3599
978
3785
8217
7736
5543
5837
7106
6923
2747
6351
3460
7860
598
8498
421
7988
6135
1930
246
2
1002
2228
2091
2572
4711
1634
2288
3894
3249
6754
3784
7424
7743
8414
6504
5946
4406
5635
7098
2243
8900
6677
1575
7275
1448
1422
4965
7306
3233
2945
5602
4624
1814
5417
7816
1212
6617
5765
5624
2761
652
1857
130
1335
2595
1342
3583
17
8700
1417
4022
211
7449
5898
3219
7345
7784
3940
679
904
6013
2307
3136
2001
4432
9319
3840
7103
848
2868
2444
6057
8743
4592
1248
5505
559
7100
2555
7422
644
8582
5437
5296
4505
922
3925
5996
7507
1809
3578
7128
203
6522
2560
2532
6282
4683
4351
5031
3394
383
2670
8946
1274
5950
2409
5625
789
126
4193
4200
4169
2773
8124
927
6618
8422
2398
2062
3170
5168
5799
4522
3451
3634
7061
5501
7108
9171
593
547
2655
3904
7962
322
8869
5940
3892
5819
4308
1198
1910
8232
3037
7799
596
225
6405
1538
7987
6329
2793
4322
5146
6499
4777
6816
4661
5877
1702
2586
2106
5463
3346
5363
2991
651
6139
3504
6112
6931
1086
1502
135
9060
5734
4283
7063
8717
3964
2206
3866
1942
7461
3173
264
8235
2039
584
5447
3839
3198
6416
2000
6008
4823
6418
6377
8485
2289
4752
1
8294
210
6718
9139
5262
3908
5991
8814
2213
3015
8832
5537
3945
6542
4246
9180
6254
332
6558
4540
8409
1090
4944
5977
304
5809
7168
4270
8
6484
7783
8886
348
2804
9219
7944
2385
7251
1133
4994
4899
902
4059
5738
2951
1187
8567
6260
5324
6058
3794
1848
195
5293
6759
343
5974
115
9068
6012
5348
6089
2139
4848
1511
9324
6602
4559
3407
8875
4066
4821
4450
7454
1858
2929
8059
4316
3787
5565
8826
5461
3457
1025
8134
5641
3246
1050
8068
8714
3474
8999
8135
4934
4509
1657
4956
3085
8733
5194
5566
7854
1638
9347
7341
735
3475
1088
7912
3777
3510
5937
6343
1353
3919
62
1054
5014
2298
3689
623
1893
436
6447
2484
7764
1116
7004
1166
2142
7572
3916
4245
5933
2564
6338
2349
2086
6091
3643
6180
1624
1594
621
3295
8520
7834
5813
897
649
4465
785
9323
1420
3374
8281
2372
2666
1653
2815
432
5112
9120
7191
7277
6978
863
3124
1963
9283
3718
5845
9301
3144
2103
1255
402
4548
6740
6414
1732
4103
501
7649
3653
1124
2884
171
3779
7365
6913
5773
1843
8021
6563
7531
4984
4213
1381
8452
6388
1600
3064
2007
6174
9336
1474
4110
301
7602
5309
3254
2633
1997
1242
6272
5654
486
9030
7868
6764
1393
6332
4427
4314
6479
9176
2016
795
3822
5952
8943
7543
3856
5470
7254
2481
6697
3182
1829
233
8287
6284
8341
7165
7929
7138
2688
1565
4442
1795
5678
3129
5310
4086
5633
5918
4134
4775
5487
7
4616
6461
3962
8928
4095
6703
8906
1558
2917
8531
5628
4826
5744
6853
7481
5472
3243
3070
6090
3419
6863
2754
9047
9016
7802
8755
8741
6512
4871
5576
4009
7536
2689
8101
7417
133
5267
2600
7808
6886
765
3400
9169
1854
7735
8720
5592
4704
3068
4843
2107
81
3271
4685
1823
6865
5761
879
8747
1061
8155
6741
607
1082
4992
1709
914
8497
7556
8641
5136
4627
377
4550
3350
7560
3406
6872
5515
3123
1855
200
8131
631
8895
8661
6118
5712
5530
7569
6079
5098
3
3838
168
2254
5667
6795
6648
4259
3001
843
9192
5994
8153
3318
5249
3349
9066
8129
1625
6531
3807
7632
1011
6132
5351
3040
5893
2983
7279
4284
1737
3495
1982
2538
6488
4071
7980
4459
8402
1965
1429
2247
7265
4873
7005
2324
7634
5808
2749
3267
6581
6570
8495
55
1582
1170
8993
9052
8602
3191
4819
6835
761
8644
3746
8100
7181
4656
7927
3089
6751
6339
6056
2187
4611
8324
1202
2783
7546
349
1049
9244
3683
7299
8453
5794
8180
8490
3371
8104
2575
7636
2384
7708
1520
2371
8537
1560
8809
5242
8656
4301
350
809
387
1741
7014
6446
3798
6115
1213
3727
7969
4936
2149
5484
7353
7938
7334
5951
2527
549
3156
8119
7713
3654
3051
2248
8292
8312
595
2291
5278
6186
3139
975
960
4757
5772
5957
3247
5959
7740
9147
341
8322
4156
8858
3218
3632
4553
2812
6500
283
6244
2252
1350
5404
5053
4077
5218
8484
8711
7135
9156
5793
4063
3131
1229
5966
8079
5439
5331
5637
8901
7186
4037
4851
5047
3617
6705
6242
4048
988
5093
317
2714
3870
5023
5007
3157
3405
7229
5407
4127
3306
9165
9056
4770
5985
4571
3009
683
181
7928
5653
5612
1825
4418
445
2531
1380
860
2723
6631
7712
6353
1615
4941
7606
8944
3543
2076
6311
2653
8048
1183
2217
8361
1955
2954
8197
1697
325
2544
7291
3664
5567
5174
6104
5244
2335
4295
89
8563
5590
254
5489
4190
4782
5258
743
2265
4915
7899
49
5071
4467
5032
9327
5516
3270
4358
1579
945
2801
3053
2725
5145
6043
2296
1715
470
2098
8941
5079
8117
3540
9286
6305
1753
3851
6475
5688
1217
9218
1346
7070
748
8911
3150
8801
976
4806
3523
3693
3172
3999
3843
4519
5585
8420
6384
8728
2990
1597
3202
4445
7044
8072
4388
7662
4938
4834
6183
8282
1911
2196
2123
2822
9002
2357
1100
4130
6106
6515
7931
8195
7890
5699
5491
6269
6803
2840
6356
1303
3882
8027
102
420
1906
6210
8211
5706
8467
3666
2474
4310
8878
685
8829
7012
5520
8523
6320
2984
8732
6503
446
1029
1319
5332
5143
7631
6494
3671
2931
3534
7018
2316
5360
7877
4542
344
3927
5355
3570
3424
4124
3163
1208
876
5319
6255
6771
8284
8227
8416
2259
5848
9367
3506
392
201
59
1979
777
7250
1595
3887
4423
4402
1610
950
7045
3579
2163
3529
5578
6988
7482
6999
3308
105
9154
1492
9358
7415
2712
5631
1108
7215
8427
7655
878
2184
2813
7995
3562
8742
11
5527
1588
3107
779
390
1300
1740
6309
6894
6071
3429
7480
8456
4575
3511
9020
4083
502
4773
1357
942
8689
6871
8242
79
7963
8039
2775
8847
4303
964
1458
2897
3995
578
9201
8635
520
4644
3335
5268
4089
8564
2126
7122
6401
4383
5359
7911
1726
3363
7520
2981
3223
2722
7873
2899
1925
313
7008
8450
5327
7756
545
781
4807
6553
6789
8060
4036
6219
3496
9387
2480
9024
3125
3582
2592
4669
8445
6086
8762
4395
1341
5548
4277
2414
2648
9087
5305
7909
6194
3343
340
2356
4935
1216
4084
8551
6316
2355
5552
7805
6240
870
8432
6129
3803
7676
6261
2188
7621
4600
8174
1486
3409
6825
2693
2251
6574
6074
7894
1195
8086
296
2587
5730
1230
4217
88
3580
7576
5542
6397
3883
919
2067
2433
658
3679
8969
7698
4803
290
255
9031
9003
2339
1957
1554
2941
7276
2834
5717
5860
2471
4219
3025
5570
1652
8285
5701
5017
4104
6349
3299
1480
8601
7518
7913
6179
9193
3159
2441
2855
6968
299
9371
4168
1635
6497
4221
521
9258
6342
9135
453
7515
8996
3890
5960
2360
327
4714
2839
619
3720
769
8854
6238
6191
1167
6925
799
2515
8805
4620
6806
8491
5078
1209
5609
2246
1225
4772
1287
4839
8443
5545
5584
9197
9106
8775
5806
5656
4828
7652
7761
5314
1659
8897
6153
3868
5941
6429
170
2795
866
7133
5033
294
8372
476
6970
2977
1507
8791
4255
2905
389
4760
6225
915
3704
8533
174
6241
6141
8132
3715
5299
7544
5956
1523
532
3422
8054
8315
7598
9337
3222
1304
7532
244
9221
8866
5891
8976
6536
1097
7013
3023
1367
3326
7207
3345
7169
8245
5127
1333
305
6598
3482
6779
2903
7993
6809
3127
7663
6712
4812
6426
3094
3056
9209
4641
2767
3416
3092
1908
1294
4816
6006
1408
2733
6587
2033
3800
4440
7073
5184
5200
2319
1758
5781
4472
3262
7710
5347
7887
4504
5886
1008
8954
4678
7917
4025
4646
7667
892
2582
2290
483
7707
3240
2328
1139
6047
648
277
104
3535
7731
2514
1309
5362
241
6019
4157
2406
7347
6204
9304
4677
8989
2953
8634
9300
5337
2628
4330
8975
504
2554
1112
8078
5939
5223
3797
1069
1931
5003
3502
1398
708
352
6814
2596
5424
1692
1264
4446
9282
5035
8116
2472
7657
2695
5887
8276
4901
7978
3848
2675
2702
6895
3852
4087
3492
7905
1534
6597
8667
6270
2053
7748
3323
477
4593
6326
3117
2778
2137
3226
4511
4150
6615
1462
8673
2735
2153
4874
7158
9189
8162
1026
8268
5151
2313
5750
7491
826
5477
4049
5989
2947
3747
2580
3713
2511
3941
5666
2549
177
9231
2305
3952
1034
1581
5942
3760
7375
5713
4720
2864
2836
6441
956
8323
8280
494
9072
1695
2491
5326
7697
29
6378
5040
3035
6285
7487
5041
8961
6964
7262
8577
5500
1490
3618
2603
7240
9011
7679
2759
561
3478
8934
5037
2393
274
2962
4462
8722
8817
9065
4927
6979
6611
8247
4877
356
531
1680
710
3259
509
156
1200
2900
8458
6213
6496
5623
6060
147
7438
1752
2299
1787
6120
8512
8723
2669
2166
2784
1747
4625
5481
1497
2501
1120
2045
1152
4878
1340
143
5391
3742
7047
6299
7460
733
4060
4065
8507
5884
2635
1716
4265
1241
2234
7280
3651
5927
8082
2077
3921
5905
4921
3026
5865
8781
7471
5113
5752
3341
2171
2314
834
2264
1861
7807
8483
4558
4092
873
5216
3614
6468
5509
7342
5157
7609
5618
337
8778
4144
5096
99
4045
7714
6407
1996
2302
8882
5034
2918
8114
7496
1515
5307
4391
4526
594
990
161
6626
4382
9252
2524
2461
6247
3418
8154
8937
5345
6645
4286
8912
2892
1691
8608
5661
3788
780
3796
8504
2479
7812
921
5122
1130
3985
2267
5323
8238
7368
1113
1701
895
1630
2311
7272
2583
5664
1773
6208
6896
6140
4628
7118
6855
4101
1834
4891
8951
6804
3091
6023
6262
318
5880
6420
6097
8830
2426
8406
7821
7483
8623
8707
5322
319
7025
2999
2792
1985
456
7727
8234
8936
8293
9314
4687
934
5052
9023
1832
5540
4437
5002
4583
2969
7717
8580
900
8540
9077
5607
6721
36
829
4943
1123
5868
2068
6987
1661
1677
4251
1051
812
1174
1551
6417
6409
6627
8939
5503
5858
8310
7006
2853
4155
7757
550
4405
3143
6584
4043
2365
719
5643
2753
5222
4751
8942
5013
2830
7641
530
762
4728
2002
7881
5846
6214
6101
7129
4649
358
8616
5196
7418
554
9033
9229
6509
1536
9293
7901
8163
3151
7406
6691
3923
2625
1500
9366
1717
8454
8952
6884
6511
15
3402
69
3378
8850
7795
9253
4331
1885
5197
4241
5976
2492
3481
5086
5089
6992
5065
7256
1402
5867
8697
6354
9223
205
5004
7943
5264
6632
8358
9297
5165
4759
6078
2063
2198
5616
2986
3935
6188
6656
1272
7573
452
7580
1415
1331
4038
8525
5665
3668
1466
6534
2273
7026
1175
5729
1089
8624
5998
4082
4361
6996
64
5043
8908
8500
6729
3790
463
1325
6695
745
4413
7508
4952
9168
981
4659
8870
498
9339
615
7455
7530
8838
726
5786
4917
7787
1865
4192
9038
3087
6032
3821
7167
9232
8894
3214
6822
1637
6221
1280
7882
3110
7034
1571
3466
4603
3982
7393
4073
4403
2181
7040
5124
2078
6620
3453
8904
1021
1427
7715
1810
189
8025
884
2266
6520
6940
5546
6711
9307
3825
6994
6856
25
4421
8919
2865
2585
9049
347
8128
5563
7389
1238
5822
5152
7502
1542
572
4378
1396
6381
5333
7043
1473
886
8642
6252
3357
4774
4376
7237
8997
1286
5497
4989
6720
9078
6178
3975
639
7716
1878
6249
3260
6517
8272
8064
3508
6352
4833
8013
1358
1850
5068
9354
1572
4209
650
2152
3997
7504
4112
4289
9388
5684
8200
351
5191
802
2258
7878
9247
2094
8609
4842
1988
3293
3660
140
8043
7723
2056
2352
6105
1210
5177
6328
6445
3440
4708
8713
3442
4598
9228
5312
5732
18
839
4327
8811
8069
4889
2571
4249
5116
416
807
2519
5597
8487
2971
4068
4506
1764
1978
1136
9381
5236
7036
1052
1071
2489
5232
7804
4233
2464
2283
3122
43
1020
6455
3321
8589
8417
2223
1190
9149
4288
2476
5132
4545
8223
996
6036
1900
6157
3528
1859
4804
2450
5311
4262
4830
23
8411
1098
6436
2159
8167
3795
817
7739
2362
5572
8793
6088
7528
1106
3601
7416
1934
7367
5252
8521
8765
7729
2231
1563
2430
4175
6233
212
3097
5209
8074
6889
7303
7203
2982
9124
841
2292
425
1366
6692
3922
1455
7616
8827
2069
1960
5091
1540
8118
7057
7777
1155
45
190
468
1365
8651
6585
3261
291
3385
991
4528
3258
1869
2439
4781
4664
1687
8138
3532
8425
3729
7672
5478
8265
6435
8368
268
507
4691
2345
666
1128
3315
1258
86
4182
7009
303
7806
5227
9098
6969
8199
7903
4897
6348
7693
6084
3928
3672
6728
4307
6699
8260
7174
6371
5964
4285
4636
6171
4253
1290
2871
7934
5992
3814
6049
8932
1907
6750
7234
5826
2467
4394
1141
2417
6127
5056
2758
4769
371
5108
7099
230
3828
5275
3572
218
3669
8735
4856
1851
2085
4457
3774
355
2419
8595
1754
4177
7889
180
4115
6930
7780
8849
6982
2392
6256
645
8267
1705
948
5838
2642
8524
7274
3305
2671
2200
3292
8084
3436
3330
2880
853
4958
7643
1648
9344
6530
7908
2326
6671
6674
6302
5595
7218
5294
5600
1289
415
6555
4521
5687
6276
7213
6070
7195
5647
6031
38
8388
4386
3332
1953
8600
1083
3386
7695
2677
609
2224
8222
7387
4489
4111
6568
1831
1993
8702
2959
7703
4785
2576
8546
3028
3336
4607
5728
8254
8509
1449
4369
880
9362
5107
4260
6108
7550
8574
9237
7096
1464
3002
248
5392
3276
5803
7441
298
6592
2894
7510
5199
7939
8003
1469
3055
8216
4252
6647
5452
4805
4855
2115
2118
525
3316
76
1129
1260
5137
3538
311
1231
8274
3190
2404
3675
8325
4827
2637
6684
5882
1904
2938
4615
6797
4338
2526
5608
867
2144
4767
8570
3990
8337
326
7156
8599
1616
582
527
2847
911
2100
1419
5229
2073
8535
1771
4983
6876
4481
2694
5304
3408
8640
1084
820
1675
2902
1442
7579
6945
1363
1782
1244
7117
5748
1019
7056
5217
3633
2470
8572
4614
4046
8096
6971
8302
2495
4652
4453
5192
4912
4085
2405
4562
2114
1786
1888
2023
3596
6264
281
3034
119
391
8165
9130
8844
2276
6331
2681
1699
5849
2709
5538
5672
2968
600
9251
8366
4499
9028
3333
7653
9351
1556
1142
1725
3815
4703
7568
6209
8434
8528
8164
8746
6472
1487
1378
1324
3022
8899
8108
5892
7193
3622
7017
2762
7484
7419
2214
538
3847
7856
3433
469
1395
5325
8106
1261
6696
5261
5320
6428
1476
1479
7302
4364
8630
6399
9112
223
3674
5814
8569
8959
6172
5163
7790
3740
4090
6952
3285
5636
7625
4613
8279
6243
8028
6829
457
3497
6595
9159
6540
7241
5154
2857
7078
7084
1339
3871
8772
1778
7011
8559
3047
3775
2093
5072
5248
5336
5476
5782
959
8290
26
2050
5149
4299
1192
4269
1924
5807
717
8834
3454
2644
5517
8196
1568
7794
8881
7661
1293
3726
8751
6972
8565
2848
5376
1036
3229
4532
2346
7779
4266
5080
1775
8645
2827
2701
933
7485
1516
2268
4461
2508
3426
782
7420
3589
6562
7997
9086
6888
969
4186
7171
6808
8873
7151
3303
7033
9162
993
7525
2129
1356
5944
474
3628
7629
1772
7087
7705
4810
512
6450
9115
2910
2974
2215
7311
1555
4675
6290
4654
6766
3166
9126
1684
2453
7048
6715
8632
4305
1535
7601
4006
1109
7835
2488
6466
6308
5573
2978
3896
8766
386
8701
5645
3455
7447
6763
4346
1962
8668
1779
8871
7791
2907
2593
3231
1121
3823
711
909
7742
495
6386
8051
1281
1103
2609
6922
4116
3337
9357
6072
6634
8218
3042
2985
2095
2536
728
4651
6000
5923
297
676
4566
4605
7359
7119
994
3072
3165
9214
1032
2634
7477
5409
1788
4692
741
9298
7381
5791
3052
3081
6050
2162
7431
8650
2662
3148
4846
2507
4375
8387
2308
7839
5075
9243
4902
6713
6483
4975
7686
3467
7055
1713
74
1162
4898
4893
8948
7683
6440
7722
3861
814
971
5857
5621
4491
5133
5620
8835
696
4576
4563
3348
3563
2256
8712
1822
1665
2143
7164
7574
464
1539
2791
6065
4319
7190
7344
8041
4291
9385
2364
6614
3783
9268
8953
1983
1872
6778
5129
2817
7301
4835
3721
5766
6021
7278
6205
7309
5083
1880
1727
3476
7059
8763
8459
5441
182
3581
5253
7236
5569
2503
2021
8607
1004
8264
5378
8429
6716
5795
8510
2006
4900
1001
1401
3232
7583
3062
3498
9309
5224
2169
2873
5411
342
6633
4568
5800
1313
4345
5001
672
243
2713
4905
1656
1981
985
4858
585
6548
7269
5456
2295
5711
8370
3319
245
925
7637
4109
6457
533
1849
851
570
3833
5256
5339
6912
3905
8289
7324
4263
7505
5679
1815
7072
1673
8649
5508
6767
1777
3018
5658
7426
9121
980
7853
123
1362
1845
4208
4076
3397
3657
7766
7185
8499
9037
1149
2557
1431
4497
3132
2348
1336
8496
4581
4907
1756
8893
5490
8853
5373
7297
6841
845
2667
6961
8676
382
657
8309
8750
3297
6360
8598
9103
1995
9322
6119
4205
7067
1863
207
2703
5805
5369
5579
4594
1204
3611
13
2922
5913
3536
4227
2553
3066
57
5381
871
7194
6817
9386
3942
8983
6573
447
7030
8184
4849
8018
1922
6408
9249
6680
634
7898
8779
1586
8780
8423
4838
3257
5302
1338
7488
2928
4341
8473
3213
3077
831
6679
3195
732
6189
8654
431
913
8584
3031
4638
5746
4750
7102
6760
5906
3584
3208
95
5160
5221
6516
8966
6915
306
462
5731
5169
636
1426
9207
4696
3020
8357
1789
6228
6954
6167
1218
8508
8675
8231
5703
3860
3517
2832
7620
3553
1246
6460
920
7726
2743
8462
6218
1134
5321
167
6469
8139
1441
288
4057
3515
6266
736
6433
984
1184
8666
7054
150
6075
5925
6551
7425
4173
6166
5467
2395
6257
5614
4679
4814
8378
4282
396
1921
5930
1041
541
1369
3155
6365
2058
5644
1122
1111
7142
4374
5419
6197
4455
4160
2893
1074
5630
7412
3754
1360
1712
775
7019
3978
4433
5521
2960
9014
7187
7209
6667
9226
1115
4181
7090
1698
1147
4572
2966
1459
5524
3691
1913
9061
3936
1470
2973
6665
2279
3252
6910
5057
3472
3947
1317
587
2734
4645
5967
8730
2699
1631
7139
8066
3597
3716
5988
6287
5999
4313
5659
7960
692
7986
2315
6147
1645
5006
5207
2422
5739
1177
4
9211
6775
5652
534
1168
8888
6870
8144
6330
8327
2186
1824
5462
5804
1951
3183
6443
9083
5330
7176
7875
1489
5676
8168
5660
4787
6220
8102
93
158
7318
1444
887
487
7360
5225
4443
8590
6947
4920
2370
5405
1958
3096
7954
2431
5901
7820
2494
8288
6811
9018
3765
7524
6664
5856
7111
3176
3971
1315
5588
6866
3705
3121
8130
7516
7022
2399
3201
1620
3592
962
1295
6372
9006
5830
3520
7941
63
8113
8486
8669
2097
9043
3099
3380
134
2604
2057
4287
8799
4707
3895
6847
7114
3204
8377
746
1781
3717
6315
2862
4008
2534
8207
7188
7958
544
6668
954
3193
4608
1189
3624
107
662
1460
6657
1312
3670
5883
7247
8401
4097
9034
7132
481
5498
9227
7745
6867
6852
1179
8303
1790
4304
8737
693
4861
14
261
5213
7823
8721
7862
4210
2967
5390
6126
4058
9081
1976
33
6040
78
262
4667
8012
1372
1117
3280
8251
7642
8178
8426
3755
3381
5238
314
4671
3773
8033
4756
2510
3464
4744
4199
3217
7545
1143
4487
2771
3558
2631
449
8771
6900
2825
4913
702
4586
1496
3230
4697
7665
7778
3239
4739
5681
2866
5986
7217
7245
472
3730
6637
4356
7586
844
8792
8596
8974
1668
5350
9236
4240
8992
482
5916
5526
9376
3761
1145
247
573
7965
7253
3699
7935
1761
3656
9356
8681
5948
6053
6250
2074
7635
3950
2421
9137
6173
773
9291
3287
6010
5533
6958
7216
5388
6753
7849
8837
3269
1521
4501
7495
6458
434
7479
581
2808
4743
4475
1816
7336
438
3361
4108
1472
5551
5459
1092
8424
414
7897
6046
6227
5601
3324
9108
5743
7565
1531
4366
4755
6340
4135
7109
4239
6102
6566
4875
3552
1079
5067
7785
8949
219
8790
4435
580
1428
1884
5371
4256
5547
5400
4328
6781
5502
7317
1344
4741
3612
5571
3244
4482
7864
3889
5861
5131
8020
2537
9338
6182
423
4910
121
1968
7140
1078
6028
7038
459
2970
8022
3850
6459
7684
1067
1284
2841
5870
7549
2043
9096
5215
7612
7796
7768
627
7134
833
8320
3298
5863
8173
1768
7231
5431
989
2895
4091
1827
2513
3926
1436
6993
8300
1337
3772
4635
6662
7443
6109
3458
5460
8477
7925
5910
8150
8098
5394
2833
8915
8049
7677
499
172
2886
4360
4541
6858
8403
5922
1355
1994
9368
4271
4293
5725
112
3207
4093
4771
1601
4052
535
8690
4880
755
8836
6967
8170
3399
9273
4588
3161
2466
1220
3054
2875
4604
3000
5536
7079
4264
269
4244
5442
2327
3468
5529
2638
1718
7304
6878
528
5454
5435
2334
308
5574
1719
3598
6303
4297
7924
7503
7257
8731
3342
406
4702
1298
8594
4004
3946
8194
5195
1914
2306
1094
1488
548
5598
3383
694
3325
5692
3685
7126
610
7136
287
6704
4070
7219
4176
1207
2885
8389
5094
5008
7582
626
84
4424
8571
8393
6111
6607
2721
7694
7066
3048
5779
1321
6819
7793
4556
4477
4529
1744
4347
7468
8783
7196
5873
7594
437
4883
6413
7867
4837
6125
7563
3989
2473
571
2284
1617
3636
8335
454
8914
5455
2207
5364
5156
832
2829
2389
8185
3431
8339
8347
1105
466
4281
1966
8004
4069
9233
5962
3463
6306
3199
6341
9265
602
9089
1647
4044
9017
813
3806
226
5250
5403
7838
8332
8933
8270
8925
1935
1643
6477
823
1583
1856
4867
1410
3766
8062
8561
1058
7592
2407
9364
3934
75
5532
7529
3965
5219
3013
947
6564
7972
5544
8543
3489
9050
9222
2301
1433
175
5233
8311
4551
2924
4778
8367
5291
6198
1368
6289
430
3364
3255
166
2383
2219
2275
7540
3694
5271
6136
4792
8890
4275
6838
5438
289
3012
1547
4179
132
3043
7032
6406
946
9369
7827
1000
7476
2632
3256
2321
5851
1305
2281
9271
7285
4002
8815
706
2064
6510
5297
3104
157
4860
518
4582
7664
5402
4619
7876
7689
4736
906
9255
2412
1676
194
3479
519
7534
3100
2708
523
4999
1068
8916
6839
1967
6463
484
5406
8073
3924
1364
3322
1552
908
3732
4962
1936
8896
4763
4904
2032
2350
7290
9079
374
8035
5961
8800
2148
7526
7082
4224
1027
3751
5352
1314
597
5971
2312
5810
628
8903
1156
8776
3708
4533
5433
5705
2616
8552
7332
8175
8698
2738
2040
3384
2608
8489
5920
643
4590
6310
937
8947
7364
5474
6288
1621
7239
5375
6612
4105
7149
1870
8643
1296
5828
752
1755
4344
185
401
928
8618
4131
4041
9277
1468
6780
6325
137
8438
1607
4601
4748
4890
4722
227
8070
2863
3415
4516
4488
5349
250
7050
5050
8380
473
1959
2697
365
4231
2898
4159
6556
4367
8736
2887
7613
8788
5874
7326
68
2728
2367
1394
4895
4031
742
8685
7906
546
2874
4684
8619
6196
2570
1549
6709
5450
2819
8848
1618
6937
1846
8297
7953
6453
6454
6410
6686
6487
5724
2566
6552
2563
6569
6387
3370
4780
1826
858
3404
8328
6223
6630
8892
7464
2325
3448
8506
6902
4630
2889
3956
7559
6107
1640
2765
5117
2423
4973
1723
4098
1383
2558
4621
1140
7354
2528
8198
8259
1456
2579
8008
4013
6641
5983
4985
3274
2416
3805
8439
9111
3029
418
8329
7845
3206
4317
4536
9062
7088
6957
3662
9044
8296
5066
7904
1533
9365
1206
1901
1235
2923
3347
8978
8057
1251
7874
3242
4892
6738
9326
7411
6275
9196
1774
7338
6812
7781
8430
3556
5577
7271
7085
2087
6788
750
3561
2816
6532
4204
221
8092
2310
5518
3976
6385
9063
2611
8627
3639
5263
3972
2630
4964
8864
4325
6628
5102
2843
7994
877
9204
5995
6688
5139
4191
583
426
5987
6605
8205
603
5443
9242
4478
5796
2768
5909
271
793
1598
1655
4064
3021
6192
3588
7343
2041
3810
1159
5246
6897
4972
7691
2024
2711
2257
1438
6508
3701
2194
6927
716
4841
6422
4001
6698
3954
6719
7762
8784
7825
3867
4971
3854
5167
6890
4809
630
1196
1388
5972
3960
2340
6123
8767
8684
6765
1802
1126
7351
3162
3296
183
3169
154
9205
1714
3880
5495
4039
8224
2415
3527
8269
6229
8822
7639
3215
8419
5101
5295
1664
8494
7400
872
8545
8956
4479
9241
8321
2270
6827
536
9288
6723
4822
9
6393
3153
8263
8125
6774
808
4647
4688
2483
8308
5423
2361
3700
1682
1592
3493
552
24
8787
8812
1471
3949
5691
9067
2195
923
6604
4309
7220
7183
113
5353
625
1506
3398
9129
2424
1223
7900
1484
4888
3955
983
4146
3181
1030
4882
4401
1896
1972
6398
8390
3652
94
1644
5193
7436
6202
1477
3174
6735
8761
3932
857
5074
4589
7718
5650
8851
1654
3228
109
4906
7863
4147
9217
874
5485
8369
2343
5180
654
6464
8326
4449
4136
1947
2925
929
7915
2640
9019
2663
9144
8482
8009
8758
5420
346
5840
2065
5897
6857
8680
5211
5499
7451
4454
6708
7076
3817
8286
6
7575
2274
7728
1107
5523
4886
7145
4643
2602
6629
3160
3338
5683
5522
1969
4979
6919
4415
3365
5802
5736
285
2799
6361
2026
5422
1351
675
2122
6966
9035
9185
2413
5269
5531
2391
8863
7792
8591
3509
229
1157
4537
7080
5581
6336
9167
1956
8105
5690
7605
8655
8345
4765
6211
3275
4512
1736
2344
2673
5338
6293
5821
4662
2545
3090
8319
5046
6701
6055
3135
77
8392
2930
5671
8610
6235
2856
3849
3640
1482
7932
5385
3065
771
977
896
7399
5379
1941
2617
7170
1733
4908
1273
7246
6292
740
5904
188
7884
4187
1909
103
197
1329
1734
2048
6973
7557
6608
5639
2072
2185
4632
2679
1323
3128
8221
5936
1569
1838
7786
2418
9069
2271
7916
3488
6265
8687
6777
4473
4243
3781
1403
4165
9163
6768
3973
2556
605
4021
506
2462
2318
7475
5290
8206
4352
8691
8405
606
3439
6593
6639
2448
4118
4931
6175
1391
2831
6535
8363
1681
9342
7840
4237
2161
747
3782
3120
5030
8662
2915
7996
8693
3059
6314
7855
5591
359
8980
7638
101
4279
7192
6373
811
2226
9310
4845
3857
1328
3998
511
4485
9133
3813
3273
7984
2779
3744
1214
8444
4517
508
5890
4274
7973
4414
5902
6845
7682
2599
4306
6818
8519
8187
3282
5000
7131
6736
2517
256
2208
1405
8611
2896
8825
1897
8806
5853
6583
8253
1991
9070
8056
2828
6904
331
1943
4579
3569
1203
6524
6783
2227
4733
1087
3876
8166
7669
3548
2442
1730
5553
7462
8123
8052
7830
5118
1757
384
6885
2584
6492
8777
1226
8536
4151
7803
783
5836
9140
968
3970
709
2396
6860
3503
2008
7627
2942
3764
9113
409
5611
8821
58
7880
71
1550
949
3645
8705
6203
5027
995
856
4174
2785
8605
5457
1689
1148
1053
4565
1042
8435
2806
1926
1576
3281
9315
5504
7976
3049
2636
9360
8867
2028
7023
353
5797
4425
5367
3499
7346
5668
3268
3388
803
5680
7763
3844
1512
8876
6116
2659
5343
4250
4471
8451
5709
2656
893
5760
145
4460
4373
2567
7007
840
5908
8688
2650
4055
8798
5464
204
5776
7979
6051
1265
2643
7595
1738
4602
5586
7452
7321
2218
1745
6975
3526
6527
7437
1495
2285
4863
286
7555
7413
8554
410
2657
3913
8479
8865
9084
5421
6152
6317
2338
2353
3845
3011
9212
3147
579
8612
7465
6217
5921
616
5121
8621
2138
6337
7922
8955
4655
8151
7891
2678
8606
3665
9257
4560
1708
5815
67
3327
3676
5300
3875
818
3757
1894
753
4682
5044
6685
7155
2906
6085
800
1073
2504
4694
7535
5255
1939
2235
428
6594
8884
6176
7333
8538
3827
5189
5855
41
2124
9182
7558
4000
3480
2071
4508
7154
2486
7270
3073
3992
8188
5817
1062
4106
8333
9152
9234
8475
9274
5344
589
292
4937
5593
4864
1923
7902
378
7666
5446
380
8917
4326
1946
6159
4857
2131
6312
9046
4172
7844
6033
3948
3314
4995
4332
8845
61
4950
53
5506
8547
4300
240
7379
714
4928
2755
1412
4396
8703
4470
2559
3673
8032
5829
2363
7975
139
3853
2180
4380
6392
5016
8212
2518
4161
4400
9128
8678
5408
8250
399
2237
4349
6962
4799
2293
5021
6163
2574
1973
1463
8183
1172
9278
9104
3678
599
7446
6606
3630
8991
1234
7430
1006
5757
5015
7499
2502
5148
3294
8346
1194
671
3541
3411
5835
522
8724
1334
3961
8885
633
4969
7000
3735
4596
152
8527
7967
2102
3212
8210
1785
3603
5832
2046
668
1801
5205
7985
1546
3452
5496
4990
7388
1022
3465
869
8103
669
558
551
1525
1012
5060
1933
5979
1544
2084
2996
8278
3907
3134
2221
5198
6687
217
6486
7948
9275
7107
328
8042
1803
1938
1580
6663
3425
4248
8550
3865
1646
7157
2428
4145
7298
8109
7521
3317
3290
1820
309
1409
9312
490
3554
7392
4014
2500
6131
9095
998
8511
6145
2803
6307
8396
2751
5875
3075
3486
3560
3074
2869
661
6874
8471
6034
184
6395
8172
8433
7137
2963
2443
138
1720
5048
7952
8628
2054
2092
2369
8984
31
485
2770
8824
9279
5604
1039
2976
5106
2460
8126
6187
1379
1912
4945
7832
2788
1326
465
6304
2134
1271
4584
2445
5767
1096
6069
8449
1609
7339
3421
4502
7242
6239
2182
8376
1672
5811
395
1418
32
8240
9101
5698
1990
4710
4408
5606
7752
6669
1683
2888
3390
375
5280
1927
6039
1009
9148
8990
7581
5649
9170
4198
2622
6772
6549
4053
7039
9239
8081
4503
8097
5082
8910
5694
2988
475
6653
8141
5471
2105
5816
488
8522
8157
6791
8351
7542
3334
2660
3711
8397
6942
50
8558
3158
9340
54
7947
9094
935
2539
7284
6165
1671
5889
8140
339
5589
2716
3981
3709
8442
5702
905
6368
1641
144
4725
4311
9022
5715
3557
7896
6590
4203
5993
2757
2750
173
9027
9346
6586
3177
7296
8091
2858
8034
1400
6543
9374
3568
5895
7797
6545
3449
4543
6207
478
4228
9341
6807
6402
8463
3118
7093
3537
1811
6160
7432
6638
4197
7660
699
4798
7101
2654
3376
1776
6268
4987
8962
4429
6796
242
6424
6138
6190
6103
8352
640
4712
2908
3410
3915
8083
6577
5483
6575
8592
8860
1596
8516
3103
727
7233
6651
1679
257
4189
4557
7182
6230
6027
3038
357
2101
5239
9264
7173
8318
310
7316
6300
4137
5009
7037
562
9119
9220
1465
6707
1254
4730
266
3610
6100
5315
7611
2620
5186
3328
9042
3874
3841
1510
1841
6502
2020
4212
1197
3931
191
7286
48
8121
8095
6082
891
6184
8913
3968
4535
3542
7092
7680
7561
7668
4527
4754
3079
5648
6096
6682
5934
120
6899
8271
4747
3869
1135
7228
6832
6758
7493
7692
7751
2590
4672
1622
5210
9290
7199
8046
2135
6770
3512
4132
8301
4032
467
8759
5575
8855
5329
1573
4444
8663
7833
6547
312
4663
2014
7223
6655
9123
4222
5997
526
1783
1566
2497
2015
6237
