0
5
10
12
16
19
20
21
27
28
30
34
35
37
39
40
42
46
47
51
52
56
60
65
66
70
72
73
80
82
83
85
87
90
91
92
96
97
98
100
106
108
110
111
114
116
117
118
122
124
125
127
128
129
131
136
141
142
146
148
149
151
153
155
159
160
162
163
164
165
169
176
178
179
186
187
192
193
198
199
202
206
208
209
213
214
215
216
220
222
224
228
231
232
234
235
236
237
238
239
249
251
252
253
259
260
263
265
267
270
272
273
275
276
278
279
280
282
284
293
295
300
302
307
315
316
320
321
323
324
329
330
333
334
335
336
338
345
354
360
361
362
363
366
367
368
369
370
372
373
376
379
385
388
393
394
397
398
400
403
404
405
407
408
411
412
413
417
419
422
424
427
429
433
435
439
440
441
442
443
444
448
450
451
455
458
460
461
471
479
480
489
491
492
493
496
497
500
503
505
510
513
514
515
516
517
524
529
537
539
540
542
543
553
555
556
557
560
563
565
566
567
568
569
574
575
576
577
586
588
590
591
592
601
604
608
611
612
613
614
617
620
622
624
629
632
635
637
641
642
646
647
653
655
656
659
660
663
664
665
667
670
673
674
677
678
680
681
682
684
686
687
688
689
690
691
695
697
698
700
701
703
704
705
707
712
713
715
718
720
721
722
723
724
725
730
731
734
737
738
739
744
751
754
756
757
758
759
760
763
764
766
767
768
770
772
774
776
778
784
786
787
788
790
791
792
794
796
797
798
801
804
805
806
810
815
816
819
821
822
824
825
827
828
830
835
836
837
838
842
846
847
849
850
852
854
855
859
861
862
864
865
868
875
881
882
883
885
889
890
894
898
899
901
903
907
910
912
916
917
918
924
926
930
931
932
936
938
939
940
941
943
944
951
952
953
957
958
963
965
966
967
970
972
973
974
979
982
986
987
992
997
999
1003
1005
1007
1013
1014
1015
1016
1017
1018
1024
1028
1031
1033
1035
1038
1040
1043
1045
1046
1047
1048
1055
1056
1057
1059
1060
1063
1064
1065
1066
1070
1072
1075
1076
1077
1080
1091
1095
1099
1101
1102
1110
1114
1118
1119
1125
1127
1131
1132
1137
1138
1144
1146
1150
1151
1153
1154
1158
1160
1161
1163
1164
1165
1169
1171
1173
1176
1178
1180
1181
1182
1186
1188
1191
1193
1199
1201
1205
1211
1215
1219
1221
1222
1224
1227
1228
1232
1233
1236
1237
1239
1240
1243
1245
1247
1249
1250
1252
1253
1257
1259
1262
1263
1266
1267
1268
1269
1270
1275
1276
1277
1278
1279
1282
1283
1285
1288
1291
1292
1297
1299
1301
1302
1306
1308
1310
1311
1316
1318
1320
1322
1327
1330
1332
1343
1345
1347
1348
1349
1352
1354
1359
1361
1370
1371
1373
1374
1375
1376
1377
1382
1384
1385
1386
1387
1389
1390
1392
1397
1399
1404
1406
1407
1411
1413
1414
1416
1421
1423
1424
1425
1430
1432
1434
1435
1437
1439
1440
1443
1445
1446
1447
1450
1451
1452
1453
1454
1457
1461
1467
1475
1478
1481
1485
1491
1493
1494
1498
1499
1501
1503
1504
1505
1508
1509
1513
1514
1517
1518
1519
1522
1524
1526
1527
1528
1529
1530
1532
1537
1541
1543
1545
1548
1553
1557
1559
1561
1562
1564
1567
1570
1574
1577
1578
1584
1585
1587
1589
1590
1591
1593
1599
1602
1603
1604
1605
1606
1608
1611
1612
1613
1614
1619
1623
1626
1627
1628
1629
1632
1633
1636
1639
1642
1649
1650
1651
1658
1660
1662
1663
1666
1667
1669
1670
1674
1678
1685
1686
1688
1690
1693
1694
1700
1703
1704
1706
1707
1710
1711
1721
1722
1724
1728
1729
1731
1735
1739
1742
1743
1748
1749
1750
1751
1759
1760
1762
1763
1765
1766
1767
1769
1770
1780
1784
1791
1792
1794
1796
1797
1798
1799
1804
1805
1806
1807
1808
1812
1813
1817
1818
1819
1821
1828
1830
1833
1835
1836
1837
1839
1840
1842
1847
1852
1853
1860
1862
1864
1866
1867
1868
1871
1873
1874
1875
1876
1877
1879
1881
1882
1883
1886
1887
1889
1890
1892
1895
1898
1899
1902
1903
1905
1915
1916
1917
1918
1919
1920
1928
1929
1932
1937
1940
1944
1945
1948
1949
1950
1952
1954
1961
1964
1970
1971
1974
1975
1977
1980
1984
1986
1987
1989
1992
1998
1999
2003
2004
2005
2009
2010
2011
2012
2013
2017
2018
2022
2025
2027
2029
2030
2031
2034
2035
2036
2037
2038
2042
2044
2047
2049
2051
2052
2055
2059
2060
2061
2066
2070
2075
2079
2080
2081
2082
2083
2089
2090
2096
2099
2104
2108
2109
2110
2111
2112
2113
2116
2119
2120
2121
2125
2127
2128
2130
2132
2133
2136
2140
2141
2145
2147
2150
2151
2154
2155
2156
2157
2158
2160
2165
2167
2168
2170
2172
2173
2174
2175
2176
2177
2178
2179
2183
2189
2190
2191
2192
2193
2197
2199
2201
2202
2203
2205
2209
2210
2211
2212
2216
2222
2225
2229
2230
2232
2233
2236
2238
2239
2240
2241
2242
2244
2245
2249
2250
2253
2255
2261
2262
2263
2269
2272
2277
2278
2280
2282
2286
2287
2294
2297
2300
2303
2304
2309
2317
2320
2322
2323
2329
2330
2331
2332
2333
2336
2337
2341
2342
2347
2351
2358
2359
2366
2368
2373
2374
2375
2376
2377
2378
2380
2381
2382
2386
2387
2388
2390
2394
2397
2400
2401
2402
2403
2408
2410
2411
2420
2425
2427
2429
2432
2434
2435
2436
2437
2438
2440
2446
2447
2449
2451
2452
2454
2455
2456
2457
2458
2459
2463
2465
2468
2469
2475
2477
2478
2482
2487
2490
2493
2496
2498
2499
2505
2509
2512
2516
2520
2521
2522
2523
2525
2529
2530
2533
2535
2540
2541
2542
2543
2546
2548
2550
2551
2552
2561
2562
2565
2568
2569
2573
2578
2581
2588
2589
2594
2597
2598
2601
2605
2606
2607
2610
2612
2613
2614
2615
2618
2619
2623
2626
2627
2629
2639
2641
2645
2646
2647
2649
2651
2652
2658
2661
2664
2665
2668
2672
2674
2676
2680
2682
2683
2684
2685
2686
2687
2690
2691
2692
2696
2698
2700
2704
2705
2706
2707
2710
2715
2717
2718
2719
2720
2724
2726
2727
2729
2730
2731
2732
2736
2737
2739
2740
2741
2742
2744
2746
2748
2752
2756
2760
2763
2764
2766
2769
2772
2774
2776
2777
2780
2781
2782
2786
2787
2789
2790
2794
2796
2797
2798
2800
2802
2805
2809
2810
2811
2814
2818
2820
2821
2823
2824
2826
2835
2837
2838
2842
2844
2845
2846
2849
2850
2851
2852
2854
2859
2860
2861
2867
2870
2872
2876
2877
2878
2879
2882
2883
2890
2891
2901
2904
2909
2911
2912
2913
2914
2916
2919
2920
2921
2926
2927
2932
2933
2934
2936
2937
2939
2940
2943
2944
2946
2948
2949
2950
2952
2955
2956
2957
2958
2961
2964
2965
2972
2975
2979
2980
2987
2989
2992
2994
2995
2997
2998
3003
3004
3005
3006
3007
3008
3010
3014
3016
3017
3019
3024
3027
3030
3032
3033
3036
3041
3044
3045
3046
3050
3057
3058
3060
3061
3063
3067
3069
3071
3076
3078
3080
3082
3083
3084
3086
3088
3095
3098
3101
3102
3105
3106
3108
3109
3111
3112
3113
3114
3115
3119
3126
3130
3133
3137
3138
3140
3141
3142
3149
3152
3154
3164
3167
3168
3171
3175
3178
3179
3180
3184
3185
3186
3187
3188
3189
3192
3194
3196
3197
3200
3203
3205
3209
3210
3211
3216
3220
3221
3224
3225
3227
3234
3235
3236
3237
3238
3241
3245
3248
3250
3251
3253
3263
3264
3265
3266
3272
3277
3278
3279
3283
3284
3286
3289
3291
3300
3301
3302
3304
3307
3309
3310
3311
3312
3320
3329
3331
3339
3340
3344
3351
3352
3353
3355
3356
3358
3359
3360
3362
3366
3367
3368
3372
3373
3377
3379
3382
3387
3389
3391
3392
3395
3396
3401
3403
3412
3413
3414
3417
3420
3423
3427
3428
3430
3432
3434
3435
3437
3438
3441
3443
3444
3445
3446
3447
3456
3459
3461
3462
3469
3470
3471
3473
3477
3483
3484
3485
3487
3490
3491
3494
3500
3501
3505
3507
3513
3514
3516
3518
3519
3521
3522
3524
3525
3530
3531
3533
3539
3544
3545
3546
3547
3549
3550
3551
3555
3559
3564
3565
3566
3567
3571
3573
3575
3576
3577
3585
3586
3587
3590
3591
3593
3594
3595
3600
3602
3604
3605
3606
3607
3608
3609
3613
3615
3616
3619
3620
3621
3623
3625
3626
3627
3629
3631
3635
3637
3638
3641
3642
3647
3648
3649
3650
3655
3658
3659
3661
3663
3667
3677
3680
3681
3682
3684
3686
3688
3690
3692
3695
3696
3697
3698
3702
3703
3706
3707
3710
3712
3714
3719
3722
3723
3724
3725
3728
3731
3733
3734
3736
3737
3738
3739
3741
3743
3745
3748
3749
3750
3752
3753
3756
3758
3759
3762
3763
3767
3768
3769
3770
3771
3776
3778
3780
3786
3789
3791
3792
3793
3799
3801
3802
3804
3808
3809
3811
3816
3818
3819
3820
3824
3826
3829
3830
3831
3832
3834
3835
3836
3837
3842
3846
3855
3858
3859
3864
3872
3873
3877
3878
3879
3881
3884
3885
3886
3888
3891
3893
3897
3898
3899
3900
3901
3902
3903
3906
3909
3910
3911
3912
3914
3917
3918
3920
3929
3930
3933
3937
3938
3939
3943
3944
3951
3953
3957
3958
3959
3963
3966
3967
3969
3974
3977
3979
3983
3984
3986
3987
3988
3991
3993
3994
3996
4003
4005
4007
4010
4011
4012
4015
4016
4017
4018
4019
4023
4024
4026
4027
4028
4029
4030
4033
4034
4035
4042
4047
4050
4051
4054
4056
4061
4062
4067
4072
4074
4075
4078
4079
4080
4081
4088
4094
4096
4099
4100
4102
4107
4113
4114
4117
4119
4120
4121
4122
4123
4125
4126
4128
4129
4133
4138
4139
4140
4141
4142
4143
4148
4149
4152
4153
4154
4158
4162
4163
4164
4166
4167
4170
4171
4178
4180
4183
4184
4185
4188
4194
4195
4196
4201
4202
4206
4207
4211
4214
4216
4218
4220
4225
4226
4229
4230
4232
4234
4235
4236
4238
4242
4247
4254
4257
4258
4261
4267
4268
4272
4273
4276
4278
4280
4290
4292
4294
4296
4302
4312
4315
4318
4320
4321
4323
4324
4329
4333
4334
4335
4336
4337
4339
4340
4342
4343
4348
4353
4354
4355
4357
4359
4363
4365
4368
4370
4371
4372
4377
4379
4381
4384
4385
4387
4389
4390
4392
4393
4397
4398
4399
4404
4407
4409
4410
4411
4412
4416
4417
4419
4420
4422
4426
4428
4430
4431
4434
4436
4438
4439
4441
4447
4448
4451
4452
4456
4463
4464
4466
4468
4469
4474
4476
4480
4483
4484
4486
4490
4492
4493
4494
4495
4496
4498
4507
4510
4513
4514
4515
4518
4520
4523
4524
4525
4530
4531
4534
4538
4539
4544
4546
4547
4549
4552
4554
4555
4561
4564
4567
4569
4570
4573
4574
4577
4578
4580
4585
4591
4595
4597
4599
4606
4609
4610
4612
4617
4618
4622
4623
4626
4629
4631
4633
4634
4637
4639
4640
4642
4648
4653
4657
4658
4660
4665
4666
4668
4670
4673
4674
4676
4680
4681
4686
4689
4690
4693
4695
4698
4699
4700
4701
4705
4706
4709
4713
4715
4716
4717
4718
4719
4721
4723
4724
4726
4727
4729
4731
4732
4734
4735
4737
4738
4740
4742
4745
4746
4749
4753
4758
4761
4762
4764
4766
4768
4776
4779
4783
4784
4786
4788
4789
4790
4791
4793
4794
4795
4796
4797
4800
4801
4802
4808
4811
4813
4815
4817
4818
4820
4824
4825
4829
4831
4832
4836
4840
4844
4847
4850
4852
4853
4854
4859
4862
4865
4866
4868
4869
4870
4872
4876
4879
4881
4884
4885
4887
4894
4896
4903
4909
4911
4914
4916
4918
4919
4922
4923
4924
4925
4926
4929
4930
4932
4933
4939
4940
4942
4946
4947
4948
4949
4951
4953
4954
4955
4959
4960
4963
4966
4967
4968
4970
4974
4976
4977
4978
4980
4981
4982
4986
4988
4991
4996
4997
4998
5005
5010
5011
5012
5018
5019
5020
5022
5024
5025
5026
5028
5029
5036
5038
5039
5042
5045
5049
5051
5054
5055
5058
5059
5061
5062
5063
5064
5069
5070
5073
5076
5077
5081
5084
5085
5087
5088
5090
5092
5095
5097
5099
5100
5103
5104
5105
5109
5110
5111
5114
5115
5119
5120
5123
5125
5126
5128
5130
5134
5135
5138
5140
5141
5142
5144
5147
5150
5153
5155
5158
5159
5161
5162
5164
5166
5170
5171
5172
5173
5175
5176
5178
5179
5181
5182
5183
5185
5187
5188
5190
5201
5202
5203
5204
5206
5208
5212
5214
5220
5226
5228
5230
5231
5234
5235
5237
5240
5241
5243
5245
5247
5251
5254
5257
5259
5260
5265
5266
5272
5273
5274
5276
5277
5279
5281
5282
5283
5284
5285
5286
5287
5288
5289
5292
5298
5301
5303
5306
5308
5313
5316
5317
5318
5328
5334
5335
5340
5341
5342
5346
5354
5356
5357
5358
5361
5365
5366
5368
5370
5372
5374
5377
5380
5382
5383
5384
5386
5387
5389
5393
5395
5396
5397
5398
5399
5401
5410
5412
5413
5414
5415
5416
5418
5425
5426
5427
5428
5429
5430
5432
5434
5436
5440
5445
5448
5449
5451
5453
5458
5465
5466
5468
5469
5473
5475
5479
5480
5482
5486
5488
5492
5493
5494
5507
5510
5511
5512
5513
5514
5519
5525
5528
5534
5539
5541
5549
5550
5554
5555
5556
5557
5558
5559
5560
5561
5562
5564
5568
5580
5582
5583
5587
5594
5596
5599
5603
5605
5610
5613
5615
5617
5619
5622
5626
5629
5632
5634
5638
5640
5642
5646
5651
5655
5657
5662
5663
5669
5670
5673
5674
5675
5677
5682
5685
5686
5689
5693
5695
5696
5697
5700
5704
5707
5708
5710
5714
5716
5718
5719
5720
5721
5722
5723
5726
5727
5733
5735
5737
5740
5742
5745
5747
5749
5751
5753
5754
5755
5756
5758
5759
5762
5763
5764
5768
5769
5770
5771
5774
5777
5778
5780
5783
5784
5785
5787
5788
5790
5792
5798
5801
5812
5818
5820
5823
5825
5827
5831
5833
5834
5839
5841
5842
5843
5844
5847
5850
5852
5854
5859
5862
5864
5866
5869
5871
5872
5876
5878
5879
5881
5885
5888
5894
5896
5899
5900
5903
5907
5911
5912
5914
5915
5917
5919
5924
5926
5928
5929
5932
5935
5938
5943
5945
5947
5949
5953
5954
5955
5958
5963
5965
5968
5969
5970
5973
5975
5980
5981
5982
5984
5990
6001
6002
6003
6004
6005
6007
6009
6011
6014
6016
6017
6018
6020
6022
6024
6025
6026
6029
6035
6037
6038
6041
6042
6044
6045
6048
6052
6054
6059
6061
6062
6063
6064
6066
6067
6068
6073
6076
6077
6080
6081
6083
6092
6093
6094
6095
6098
6099
6110
6113
6117
6121
6122
6124
6128
6130
6133
6134
6137
6142
6143
6144
6146
6148
6150
6151
6154
6155
6156
6158
6161
6162
6164
6168
6169
6170
6177
6181
6185
6193
6195
6199
6200
6201
6206
6212
6215
6216
6222
6224
6226
6231
6232
6234
6236
6245
6246
6248
6251
6253
6258
6259
6263
6267
6271
6273
6274
6277
6278
6279
6280
6281
6283
6286
6291
6294
6295
6296
6297
6298
6301
6313
6318
6319
6321
6322
6323
6324
6327
6333
6334
6335
6344
6345
6346
6350
6355
6357
6358
6359
6362
6363
6364
6366
6367
6369
6370
6374
6375
6376
6379
6380
6382
6383
6389
6390
6391
6394
6396
6400
6403
6404
6411
6412
6415
6423
6427
6430
6432
6434
6437
6438
6439
6442
6444
6448
6449
6451
6452
6456
6462
6465
6467
6470
6473
6476
6480
6481
6482
6485
6489
6490
6491
6493
6495
6498
6501
6505
6506
6507
6513
6514
6518
6519
6521
6523
6525
6526
6528
6529
6533
6537
6538
6539
6541
6544
6546
6554
6557
6560
6561
6565
6567
6571
6572
6578
6579
6580
6582
6588
6589
6591
6599
6600
6601
6603
6609
6610
6613
6616
6619
6621
6622
6623
6624
6625
6635
6636
6640
6642
6643
6644
6646
6649
6650
6652
6654
6658
6659
6660
6661
6666
6672
6673
6676
6678
6681
6689
6690
6693
6694
6700
6702
6706
6710
6714
6717
6722
6724
6725
6726
6727
6730
6731
6732
6733
6734
6737
6739
6742
6743
6744
6745
6746
6747
6748
6749
6752
6755
6756
6757
6761
6762
6769
6776
6782
6784
6785
6786
6787
6790
6792
6793
6794
6798
6799
6800
6801
6802
6805
6810
6813
6815
6820
6821
6823
6824
6826
6828
6830
6831
6833
6834
6836
6837
6840
6842
6843
6844
6848
6849
6850
6851
6854
6859
6861
6862
6864
6868
6873
6875
6877
6879
6880
6881
6882
6883
6887
6891
6892
6893
6898
6901
6903
6905
6906
6907
6909
6911
6914
6917
6918
6920
6921
6924
6926
6928
6929
6932
6933
6934
6935
6936
6938
6939
6941
6943
6944
6946
6949
6950
6951
6953
6955
6956
6959
6960
6963
6965
6974
6976
6977
6980
6981
6983
6984
6985
6986
6989
6990
6991
6995
6997
6998
7001
7002
7003
7010
7015
7016
7020
7024
7027
7028
7029
7031
7035
7041
7042
7046
7049
7051
7052
7053
7058
7060
7062
7064
7065
7068
7069
7071
7074
7075
7077
7081
7083
7086
7089
7091
7094
7095
7097
7104
7110
7112
7113
7115
7116
7120
7121
7124
7125
7127
7130
7141
7143
7144
7146
7147
7148
7150
7152
7153
7159
7160
7161
7162
7163
7166
7172
7175
7177
7178
7179
7180
7184
7189
7198
7200
7201
7202
7204
7205
7206
7208
7210
7211
7214
7221
7222
7224
7225
7226
7230
7232
7235
7243
7244
7249
7252
7255
7258
7259
7260
7261
7263
7264
7266
7267
7268
7273
7281
7282
7283
7287
7288
7289
7292
7293
7294
7295
7300
7305
7307
7308
7310
7312
7313
7314
7315
7319
7323
7325
7327
7328
7329
7330
7331
7335
7337
7340
7348
7349
7350
7352
7355
7356
7357
7358
7361
7362
7363
7366
7370
7371
7372
7373
7374
7376
7377
7378
7380
7382
7383
7384
7385
7386
7390
7391
7394
7395
7396
7397
7398
7401
7402
7403
7404
7405
7407
7408
7409
7410
7414
7421
7423
7427
7428
7433
7435
7440
7442
7444
7445
7448
7450
7453
7456
7457
7458
7459
7463
7466
7467
7469
7470
7472
7473
7474
7478
7486
7490
7492
7494
7497
7501
7506
7509
7511
7512
7513
7514
7517
7519
7522
7523
7527
7533
7537
7538
7539
7541
7547
7548
7551
7552
7554
7562
7564
7566
7567
7570
7571
7577
7578
7584
7585
7587
7588
7589
7590
7591
7593
7596
7597
7599
7600
7603
7604
7607
7608
7610
7614
7615
7617
7618
7619
7622
7623
7624
7626
7628
7630
7633
7640
7644
7645
7646
7647
7648
7650
7651
7654
7656
7658
7659
7670
7671
7673
7674
7675
7678
7681
7685
7687
7688
7690
7696
7699
7700
7701
7702
7704
7706
7709
7711
7719
7720
7721
7724
7725
7730
7732
7733
7734
7737
7738
7741
7744
7746
7747
7749
7750
7753
7754
7755
7758
7759
7760
7765
7767
7769
7770
7771
7772
7773
7774
7775
7776
7782
7788
7789
7798
7800
7801
7809
7810
7811
7813
7814
7815
7817
7818
7819
7822
7824
7826
7828
7829
7831
7836
7837
7841
7842
7843
7846
7847
7850
7851
7852
7857
7858
7859
7861
7866
7869
7870
7871
7872
7879
7883
7885
7886
7888
7892
7893
7895
7907
7910
7914
7918
7919
7920
7921
7923
7926
7930
7933
7936
7937
7940
7942
7945
7946
7949
7950
7955
7956
7957
7959
7961
7964
7966
7968
7970
7971
7974
7977
7981
7982
7983
7989
7990
7991
7992
7998
7999
8000
8001
8002
8005
8006
8007
8010
8011
8014
8015
8016
8017
8019
8023
8024
8026
8029
8030
8031
8036
8037
8038
8040
8044
8045
8047
8050
8053
8055
8058
8061
8063
8065
8067
8071
8075
8076
8077
8080
8085
8087
8088
8089
8090
8093
8094
8099
8107
8110
8111
8112
8115
8120
8122
8127
8133
8136
8142
8143
8145
8146
8147
8148
8149
8152
8156
8158
8159
8161
8169
8171
8176
8177
8179
8181
8182
8186
8189
8190
8191
8192
8193
8201
8202
8203
8204
8208
8209
8213
8214
8215
8219
8220
8225
8226
8228
8229
8230
8233
8237
8239
8241
8243
8244
8246
8248
8249
8252
8255
8256
8257
8258
8261
8262
8266
8273
8275
8277
8283
8291
8295
8298
8299
8304
8305
8306
8307
8313
8314
8316
8317
8330
8331
8334
8336
8338
8342
8343
8344
8348
8349
8350
8353
8354
8355
8356
8359
8360
8362
8364
8365
8371
8373
8374
8375
8379
8381
8382
8383
8384
8385
8386
8391
8394
8395
8398
8399
8400
8404
8407
8408
8410
8412
8413
8415
8418
8421
8428
8431
8436
8437
8440
8441
8447
8448
8455
8457
8460
8461
8464
8465
8466
8468
8469
8470
8472
8474
8476
8478
8480
8481
8488
8492
8493
8501
8502
8503
8505
8514
8515
8518
8526
8529
8530
8532
8534
8539
8541
8542
8544
8548
8549
8553
8555
8556
8557
8562
8566
8568
8575
8576
8578
8579
8581
8583
8585
8586
8587
8593
8604
8613
8614
8615
8617
8620
8622
8625
8629
8633
8636
8637
8638
8639
8646
8647
8648
8652
8653
8657
8658
8659
8660
8664
8665
8670
8671
8672
8674
8677
8679
8682
8683
8686
8692
8694
8695
8696
8699
8704
8706
8708
8709
8710
8715
8716
8719
8725
8726
8727
8729
8734
8738
8739
8740
8744
8745
8748
8749
8752
8753
8754
8756
8757
8760
8764
8768
8769
8770
8773
8774
8782
8785
8786
8789
8794
8795
8796
8797
8802
8803
8804
8807
8808
8810
8813
8816
8818
8819
8820
8823
8828
8831
8833
8839
8840
8841
8842
8843
8846
8852
8856
8857
8859
8862
8868
8872
8874
8877
8879
8880
8883
8887
8889
8891
8898
8902
8905
8907
8909
8918
8920
8921
8922
8923
8924
8926
8927
8929
8930
8931
8935
8938
8940
8945
8950
8957
8958
8960
8963
8964
8965
8967
8968
8970
8971
8972
8973
8977
8979
8981
8982
8985
8986
8987
8988
8994
8998
9000
9001
9004
9005
9008
9009
9010
9012
9013
9015
9021
9025
9026
9029
9032
9036
9039
9040
9041
9045
9048
9051
9053
9054
9055
9057
9058
9059
9064
9071
9073
9074
9075
9076
9080
9082
9085
9088
9090
9091
9092
9093
9097
9099
9100
9102
9105
9107
9109
9110
9114
9116
9117
9118
9122
9125
9127
9131
9132
9134
9136
9138
9141
9142
9143
9145
9146
9150
9151
9153
9155
9157
9158
9160
9161
9164
9166
9172
9173
9174
9175
9177
9178
9179
9181
9183
9184
9186
9187
9188
9190
9191
9195
9198
9199
9200
9202
9203
9206
9208
9210
9213
9215
9216
9224
9225
9230
9235
9238
9240
9245
9246
9248
9250
9254
9256
9259
9260
9261
9262
9263
9266
9267
9269
9270
9272
9276
9280
9281
9284
9285
9287
9289
9292
9294
9295
9296
9299
9302
9303
9305
9306
9308
9311
9313
9316
9317
9318
9320
9321
9325
9328
9329
9330
9331
9332
9333
9334
9335
9343
9345
9348
9349
9350
9352
9353
9355
9359
9361
9363
9370
9372
9373
9375
9377
9378
9379
9380
9382
9383
9384
