0
1
3
4
5
6
12
14
16
18
22
24
26
29
30
31
32
38
45
47
51
54
58
63
65
66
71
72
73
74
75
78
81
89
94
95
107
111
112
114
116
118
120
124
125
129
130
132
133
138
141
143
144
153
155
157
163
170
171
172
180
181
182
185
187
188
189
194
197
199
202
203
217
219
221
224
226
228
232
233
234
236
239
240
241
242
243
249
250
255
259
260
267
269
273
279
280
282
283
285
287
289
292
294
297
298
301
304
305
306
309
310
311
313
314
316
317
321
323
324
325
326
327
329
338
342
343
344
348
351
358
359
360
364
367
368
375
378
379
380
384
388
396
397
398
400
401
407
410
412
417
420
421
429
437
439
441
447
448
449
453
454
457
466
468
470
472
473
474
475
477
478
480
490
491
496
497
498
499
503
504
509
510
512
516
518
520
521
522
523
524
525
527
530
541
542
543
545
546
549
550
551
553
560
563
564
567
576
580
584
585
587
588
591
599
601
607
612
615
620
623
624
626
627
633
634
635
636
638
641
643
644
649
651
652
657
661
664
666
667
669
671
672
674
676
677
680
683
684
687
689
691
693
695
699
702
703
705
706
708
709
711
713
717
718
720
721
722
723
725
726
729
731
732
733
735
737
740
741
744
745
747
750
753
754
759
760
761
766
768
769
777
778
780
781
786
793
794
795
796
797
805
807
809
811
813
816
817
820
822
823
825
827
828
835
838
839
840
842
851
855
859
862
865
867
868
871
872
874
876
878
879
888
894
896
897
899
901
903
904
910
911
913
920
922
924
925
932
933
934
935
936
937
941
945
946
947
949
951
952
953
955
962
965
966
976
978
981
983
986
990
996
999
1002
1003
1005
1011
1012
1017
1019
1023
1024
1026
1029
1031
1033
1038
1039
1043
1044
1046
1047
1048
1050
1054
1064
1070
1074
1076
1078
1082
1088
1089
1091
1092
1093
1094
1095
1097
1101
1102
1105
1107
1114
1116
1118
1124
1129
1138
1141
1145
1147
1152
1156
1157
1160
1161
1162
1163
1169
1170
1173
1178
1182
1190
1191
1194
1200
1203
1204
1207
1216
1219
1226
1228
1230
1233
1234
1240
1241
1243
1248
1253
1254
1264
1268
1269
1273
1274
1278
1279
1283
1286
1292
1293
1300
1302
1307
1309
1310
1311
1315
1316
1317
1318
1319
1320
1323
1325
1327
1328
1331
1332
1333
1334
1340
1349
1351
1353
1354
1357
1359
1362
1365
1376
1377
1378
1381
1382
1385
1386
1391
1392
1396
1399
1400
1401
1404
1407
1408
1415
1417
1419
1422
1423
1435
1437
1439
1440
1443
1444
1448
1450
1454
1457
1458
1459
1460
1466
1473
1476
1478
1490
1492
1493
1495
1500
1502
1504
1506
1509
1511
1512
1513
1514
1517
1518
1525
1528
1533
1534
1538
1541
1542
1546
1548
1550
1554
1556
1557
1561
1565
1568
1569
1572
1576
1577
1580
1581
1584
1587
1589
1591
1593
1595
1598
1606
1607
1612
1613
1617
1618
1620
1622
1626
1628
1631
1636
1637
1640
1641
1642
1643
1645
1646
1652
1654
1655
1657
1661
1668
1669
1670
1671
1672
1676
1679
1684
1686
1687
1689
1690
1692
1695
1700
1702
1705
1706
1707
1711
1712
1718
1720
1721
1723
1726
1731
1733
1736
1739
1742
1745
1746
1750
1753
1754
1756
1759
1760
1764
1766
1773
1775
1782
1784
1787
1789
1792
1793
1796
1797
1798
1801
1807
1809
1813
1817
1819
1821
1822
1823
1824
1825
1829
1830
1836
1837
1839
1840
1842
1845
1849
1850
1852
1854
1863
1864
1866
1867
1869
1872
1873
1882
1884
1885
1889
1890
1892
1896
1897
1898
1901
1906
1907
1911
1914
1915
1922
1924
1925
1928
1932
1933
1934
1938
1939
1941
1942
1948
1949
1951
1957
1961
1962
1964
1967
1968
1970
1971
1975
1977
1978
1980
1981
1983
1984
1985
1988
1992
1994
2002
2003
2004
2006
2008
2011
2014
2015
2017
2018
2020
2021
2026
2032
2034
2035
2040
2041
2050
2054
2059
2062
2063
2064
2065
2067
2074
2078
2079
2080
2097
2101
2102
2109
2110
2112
2117
2119
2120
2124
2130
2132
2134
2139
2140
2141
2142
2146
2155
2156
2162
2164
2170
2173
2176
2178
2182
2183
2185
2187
2189
2191
2193
2194
2195
2196
2197
2209
2219
2224
2227
2230
2234
2235
2236
2238
2239
2240
2242
2247
2249
2250
2255
2259
2260
2263
2265
2269
2271
2273
2276
2279
2280
2284
2285
2291
2292
2294
2296
2299
2305
2307
2312
2314
2315
2321
2324
2330
2331
2334
2335
2337
2340
2341
2343
2347
2350
2353
2361
2362
2363
2364
2365
2366
2367
2370
2371
2372
2373
2374
2378
2384
2395
2396
2397
2400
2403
2405
2406
2411
2414
2415
2417
2420
2421
2423
2427
2428
2434
2439
2449
2453
2459
2463
2477
2478
2479
2485
2486
2493
2499
2500
2501
2504
2508
2509
2510
2511
2513
2519
2520
2523
2524
2528
2532
2534
2535
2536
2537
2539
2541
2543
2545
2546
2547
2549
2552
2553
2559
2561
2565
2568
2570
2571
2574
2575
2576
2578
2581
2588
2590
2591
2592
2600
2608
2609
2612
2613
2615
2616
2617
2621
2622
2624
2625
2626
2627
2631
2632
2638
2642
2645
2646
2651
2653
2656
2659
2661
2662
2663
2665
2666
2667
2670
2671
2672
2673
2674
2675
2681
2684
2685
2687
2689
2690
2691
2692
2694
2698
2699
2703
2708
2713
2722
2725
2726
2731
2732
2733
2735
2737
2746
2749
2751
2753
2754
2757
2761
2762
2768
2775
2776
2777
2778
2780
2782
2784
2785
2791
2796
2799
2801
2803
2813
2816
2820
2826
2828
2829
2830
2831
2833
2837
2838
2839
2844
2847
2852
2854
2855
2857
2858
2866
2868
2869
2872
2874
2876
2880
2881
2882
2883
2884
2891
2892
2893
2895
2899
2901
2912
2913
2916
2917
2921
2926
2939
2942
2946
2947
2953
2956
2957
2960
2964
2967
2969
2971
2974
2975
2976
2977
2979
2982
2983
2989
2991
3000
3002
3004
3007
3008
3009
3011
3014
3016
3017
3020
3023
3025
3029
3030
3031
3040
3041
3042
3044
3046
3055
3056
3061
3063
3066
3068
3069
3085
3088
3089
3092
3093
3095
3103
3104
3105
3110
3113
3115
3122
3123
3124
3125
3128
3129
3135
3138
3139
3142
3145
3147
3150
3152
3154
3155
3157
3158
3160
3161
3162
3168
3170
3172
3175
3176
3177
3181
3185
3187
3189
3196
3199
3201
3204
3208
3210
3213
3215
3220
3221
3224
3229
3235
3236
3237
3238
3240
3243
3249
3256
3257
3259
3261
3262
3263
3265
3266
3268
3270
3271
3276
3282
3283
3287
3291
3293
3294
3296
3298
3299
3301
3303
3306
3307
3308
3309
3313
3316
3320
3328
3338
3346
3349
3358
3360
3361
3362
3363
3366
3367
3370
3373
3378
3382
3387
3389
3390
3396
3397
3398
3401
3402
3405
3406
3407
3410
3416
3418
3420
3421
3422
3425
3427
3429
3433
3434
3435
3436
3437
3438
3439
3442
3444
3456
3461
3463
3464
3467
3469
3470
3475
3480
3481
3482
3483
3487
3488
3494
3495
3497
3504
3506
3507
3510
3513
3514
3520
3523
3524
3525
3526
3531
3532
3533
3535
3536
3541
3542
3544
3546
3552
3554
3557
3559
3561
3562
3563
3564
3565
3567
3569
3571
3575
3577
3578
3580
3585
3586
3587
3592
3598
3599
3600
3604
3606
3607
3608
3611
3612
3616
3618
3628
3629
3632
3633
3634
3638
3643
3644
3649
3651
3654
3657
3658
3670
3675
3678
3680
3681
3685
3686
3687
3691
3693
3694
3695
3698
3699
3704
3706
3713
3714
3718
3719
3723
3727
3728
3730
3731
3732
3735
3736
3738
3746
3747
3752
3756
3757
3760
3761
3764
3766
3767
3769
3771
3775
3776
3780
3788
3791
3798
3799
3801
3802
3804
3805
3806
3807
3809
3810
3813
3814
3816
3817
3818
3821
3823
3824
3827
3830
3831
3834
3838
3839
3840
3841
3843
3844
3850
3851
3852
3854
3855
3856
3862
3863
3864
3865
3868
3874
3876
3880
3883
3884
3886
3889
3892
3894
3896
3897
3898
3903
3904
3914
3915
3921
3924
3926
3927
3928
3932
3941
3942
3946
3952
3953
3954
3958
3959
3961
3964
3965
3967
3969
3972
3974
3976
3977
3980
3981
3983
3984
3986
3995
3998
3999
4004
4006
4007
4009
4011
4012
4016
4018
4021
4027
4030
4032
4035
4037
4038
4039
4040
4043
4047
4048
4050
4052
4061
4064
4066
4069
4071
4076
4077
4083
4085
4087
4088
4089
4093
4097
4098
4099
4102
4107
4110
4111
4113
4120
4125
4126
4127
4128
4136
4137
4144
4149
4153
4160
4164
4166
4167
4169
4171
4173
4176
4177
4183
4184
4185
4186
4188
4193
4194
4197
4198
4207
4210
4212
4214
4217
4218
4220
4221
4225
4227
4231
4235
4236
4239
4240
4242
4245
4251
4258
4262
4265
4266
4267
4272
4273
4275
4280
4281
4284
4285
4286
4291
4293
4294
4297
4306
4315
4316
4319
4321
4329
4330
4332
4339
4343
4345
4352
4353
4354
4356
4360
4361
4364
4369
4371
4377
4378
4380
4382
4383
4390
4392
4394
4409
4412
4414
4416
4427
4431
4432
4433
4435
4438
4440
4443
4444
4445
4446
4447
4450
4454
4455
4459
4461
4466
4471
4472
4473
4474
4478
4481
4482
4483
4486
4490
4495
4496
4497
4508
4511
4512
4514
4516
4518
4522
4527
4528
4529
4530
4532
4533
4536
4545
4548
4550
4551
4553
4556
4559
4565
4566
4568
4571
4573
4576
4577
4583
4585
4593
4595
4598
4599
4602
4603
4604
4609
4613
4614
4615
4619
4620
4621
4630
4632
4637
4638
4641
4647
4652
4655
4658
4659
4661
4663
4664
4668
4671
4673
4674
4677
4679
4680
4681
4689
4694
4696
4697
4699
4701
4702
4705
4707
4710
4711
4716
4717
4719
4720
4722
4725
4729
4732
4734
4735
4736
4741
4742
4743
4745
4747
4748
4751
4754
4755
4758
4765
4767
4769
4771
4773
4777
4779
4781
4786
4790
4798
4804
4805
4807
4809
4816
4817
4818
4820
4821
4826
4830
4837
4841
4846
4848
4850
4851
4852
4856
4863
4865
4866
4867
4868
4872
4878
4879
4881
4882
4883
4885
4886
4889
4891
4893
4895
4896
4900
4908
4911
4912
4913
4914
4915
4924
4925
4929
4932
4933
4934
4935
4939
4940
4943
4944
4948
4951
4956
4958
4959
4960
4961
4964
4966
4968
4969
4976
4981
4983
4985
4986
4991
4996
5001
5002
5005
5011
5012
5013
5015
5018
5019
5023
5025
5027
5028
5032
5034
5038
5040
5043
5053
5055
5056
5060
5064
5072
5073
5076
5077
5079
5080
5082
5083
5084
5086
5087
5094
5095
5096
5098
5099
5105
5108
5109
5110
5112
5116
5122
5127
5134
5135
5139
5142
5144
5145
5152
5153
5155
5156
5157
5158
5159
5160
5164
5167
5172
5175
5176
5178
5181
5182
5184
5185
5189
5190
5192
5193
5204
5205
5210
5213
5214
5215
5218
5223
5224
5232
5238
5239
5241
5244
5246
5247
5250
5255
5258
5261
5262
5263
5267
5268
5269
5271
5275
5277
5278
5281
5290
5293
5295
5298
5302
5305
5306
5308
5310
5311
5316
5319
5320
5321
5330
5334
5336
5337
5339
5340
5341
5344
5348
5350
5352
5354
5356
5358
5359
5361
5363
5368
5369
5370
5371
5372
5373
5376
5379
5382
5385
5388
5390
5391
5395
5397
5403
5415
5418
5419
5420
5421
5425
5426
5427
5430
5431
5436
5437
5439
5440
5442
5448
5452
5454
5455
5456
5457
5459
5461
5462
5463
5465
5466
5467
5469
5471
5472
5482
5483
5484
5485
5486
5489
5492
5495
5498
5500
5502
5504
5505
5506
5508
5512
5513
5516
5518
5525
5527
5530
5534
5536
5538
5541
5543
5544
5549
5553
5563
5564
5570
5571
5572
5573
5574
5576
5577
5579
5581
5582
5583
5584
5590
5594
5596
5597
5604
5606
5612
5613
5616
5618
5619
5620
5623
5624
5627
5633
5640
5641
5642
5645
5647
5654
5664
5665
5666
5673
5680
5682
5685
5688
5691
5693
5701
5708
5709
5712
5714
5717
5719
5720
5722
5725
5728
5729
5730
5732
5733
5737
5739
5743
5744
5746
5747
5750
5758
5759
5762
5764
5766
5767
5777
5779
5780
5782
5784
5785
5786
5789
5791
5792
5793
5800
5801
5802
5803
5804
5810
5816
5823
5825
5829
5830
5838
5843
5844
5846
5851
5854
5856
5857
5860
5861
5863
5864
5865
5869
5870
5872
5874
5876
5878
5880
5885
5888
5889
5890
5891
5895
5897
5904
5909
5911
5913
5916
5919
5926
5928
5932
5936
5937
5938
5943
5946
5947
5950
5959
5962
5964
5966
5969
5970
5973
5977
5980
5981
5982
5983
5984
5986
5987
5988
5989
5993
5994
5996
6000
6003
6007
6009
6011
6012
6014
6015
6016
6017
6025
6028
6029
6030
6032
6035
6036
6039
6040
6043
6044
6046
6050
6051
6053
6055
6058
6059
6060
6063
6065
6066
6070
6071
6073
6079
6083
6091
6092
6093
6095
6096
6097
6098
6104
6106
6109
6118
6121
6128
6129
6132
6135
6136
6138
6140
6141
6142
6149
6152
6161
6165
6166
6167
6171
6179
6180
6182
6186
6190
6194
6196
6198
6202
6203
6208
6209
6210
6213
6216
6218
6221
6223
6226
6237
6240
6242
6246
6248
6249
6252
6265
6267
6269
6271
6274
6279
6285
6286
6289
6290
6295
6296
6299
6300
6309
6310
6311
6312
6313
6314
6317
6319
6321
6322
6324
6328
6329
6330
6331
6332
6339
6344
6352
6353
6354
6355
6356
6364
6367
6369
6376
6378
6379
6384
6387
6388
6392
6397
6402
6405
6406
6410
6411
6414
6415
6418
6419
6420
6421
6422
6423
6425
6427
6430
6433
6436
6437
6438
6440
6443
6452
6458
6461
6462
6464
6466
6467
6470
6472
6475
6477
6478
6479
6481
6486
6487
6490
6492
6493
6494
6495
6504
6506
6508
6510
6511
6519
6520
6521
6529
6530
6531
6534
6538
6541
6542
6543
6544
6551
6552
6553
6559
6563
6566
6567
6569
6572
6574
6580
6585
6589
6593
6597
6599
6601
6604
6605
6606
6607
6609
6611
6612
6622
6631
6632
6638
6644
6645
6650
6651
6653
6655
6658
6660
6662
6664
6667
6669
6671
6672
6673
6675
6676
6678
6685
6686
6688
6691
6693
6695
6704
6705
6706
6707
6708
6712
6715
6718
6720
6724
6725
6727
6728
6730
6731
6732
6735
6737
6738
6740
6742
6745
6746
6748
6750
6751
6753
6755
6757
6758
6762
6764
6766
6767
6769
6772
6773
6774
6784
6786
6787
6790
6794
6797
6798
6799
6800
6801
6803
6808
6811
6813
6814
6816
6819
6826
6832
6833
6839
6844
6845
6847
6848
6851
6857
6858
6861
6867
6870
6871
6873
6883
6884
6886
6888
6890
6891
6893
6896
6897
6898
6903
6904
6905
6907
6908
6915
6918
6922
6924
6926
6930
6935
6941
6942
6943
6945
6946
6948
6951
6952
6961
6962
6963
6975
6976
6978
6982
6983
6984
6987
6991
6993
6994
6996
6997
6999
7001
7002
7004
7007
7010
7015
7016
7017
7018
7019
7020
7025
7029
7031
7033
7034
7038
7041
7043
7047
7050
7052
7053
7055
7059
7066
7069
7071
7074
7078
7080
7082
7085
7087
7089
7090
7093
7094
7109
7112
7113
7121
7124
7129
7131
7138
7140
7144
7146
7149
7164
7166
7168
7173
7175
7176
7182
7185
7188
7189
7191
7192
7194
7197
7203
7210
7212
7214
7218
7219
7221
7224
7227
7229
7233
7234
7237
7238
7242
7244
7245
7247
7250
7258
7259
7261
7272
7281
7286
7287
7294
7298
7306
7307
7308
7309
7310
7317
7324
7326
7327
7329
7337
7343
7344
7347
7348
7356
7357
7363
7364
7365
7374
7375
7376
7377
7378
7380
7382
7384
7387
7390
7392
7397
7398
7399
7401
7403
7408
7414
7417
7418
7419
7421
7423
7424
7426
7432
7435
7440
7443
7445
7447
7448
7450
7453
7454
7455
7456
7458
7475
7476
7479
7481
7482
7489
7492
7494
7496
7497
7510
7512
7514
7520
7524
7525
7532
7542
7543
7546
7547
7552
7554
7556
7557
7558
7562
7563
7566
7575
7577
7581
7583
7587
7588
7592
7593
7596
7598
7603
7615
7618
7620
7622
7623
7626
7631
7632
7634
7636
7638
7639
7640
7641
7642
7643
7644
7645
7648
7649
7650
7651
7652
7653
7654
7658
7659
7661
7666
7671
7672
7673
7674
7677
7678
7680
7681
7688
7691
7692
7693
7695
7699
7700
7701
7702
7705
7706
7708
7711
7714
7717
7724
7725
7727
7730
7733
7734
7735
7737
7738
7743
7745
7746
7747
7752
7754
7756
7760
7764
7765
7768
7773
7774
7782
7785
7794
7796
7798
7801
7802
7803
7804
7806
7808
7810
7811
7813
7815
7816
7817
7818
7820
7821
7822
7824
7828
7831
7833
7837
7839
7845
7852
7853
7856
7859
7860
7861
7868
7870
7881
7882
7885
7890
7893
7898
7899
7900
7901
7902
7905
7910
7912
7916
7922
7925
7927
7929
7931
7937
7941
7942
7943
7945
7948
7953
7957
7959
7965
7966
7969
7970
7971
7972
7974
7976
7984
7986
7987
7993
7994
7997
7999
8003
8004
8011
8012
8013
8017
8020
8026
8027
8028
8031
8035
8036
8037
8039
8041
8044
8047
8054
8058
8060
8063
8064
8066
8072
8074
8075
8077
8083
8091
8095
8096
8097
8101
8104
8107
8112
8116
8119
8120
8123
8125
8126
8127
8128
8130
8136
8138
8143
8145
8146
8149
8150
8151
8158
8159
8160
8170
8171
8172
8174
8175
8178
8180
8183
8185
8186
8189
8191
8198
8200
8205
8206
8207
8209
8218
8223
8229
8230
8231
8234
8238
8243
8245
8248
8251
8261
8263
8265
8268
8271
8276
8277
8290
8296
8297
8299
8301
8303
8306
8307
8310
8311
8312
8314
8319
8322
8323
8324
8326
8328
8329
8330
8332
8337
8339
8342
8343
8345
8346
8347
8351
8353
8354
8355
8356
8358
8359
8361
8362
8363
8366
8375
8377
8383
8384
8386
8387
8388
8391
8392
8394
8398
8399
8400
8401
8402
8403
8405
8408
8409
8414
8418
8425
8427
8428
8430
8431
8437
8439
8441
8443
8447
8456
8458
8459
8463
8466
8477
8478
8479
8485
8486
8490
8492
8495
8502
8507
8509
8517
8518
8521
8522
8524
8525
8527
8529
8530
8531
8532
8535
8536
8538
8540
8541
8543
8544
8545
8550
8554
8556
8564
8570
8572
8574
8579
8584
8585
8588
8590
8594
8595
8596
8600
8601
8604
8609
8610
8611
8616
8626
8638
8641
8646
8649
8652
8654
8656
8658
8659
8661
8663
8669
8673
8674
8675
8678
8680
8682
8684
8685
8686
8687
8690
8693
8694
8697
8698
8704
8705
8706
8707
8709
8710
8714
8719
8720
8722
8724
8725
8726
8727
8729
8737
8738
8742
8745
8746
8749
8755
8757
8776
8777
8779
8781
8787
8788
8790
8791
8797
8799
8804
8806
8807
8811
8822
8823
8824
8827
8831
8834
8836
8837
8838
8839
8844
8845
8846
8851
8852
8854
8857
8858
8861
8865
8870
8872
8876
8879
8881
8882
8884
8887
8889
8890
8893
8901
8905
8906
8908
8912
8913
8915
8916
8917
8919
8924
8926
8927
8929
8931
8934
8935
8936
8941
8943
8945
8948
8951
8952
8953
8955
8957
8958
8964
8970
8971
8972
8977
8981
8982
8984
8987
8988
8989
8990
8991
8995
8996
8998
9004
9008
9011
9013
9014
9017
9019
9020
9022
9025
9027
9030
9031
9034
9036
9039
9041
9044
9047
9048
9056
9063
9065
9067
9069
9070
9071
9074
9076
9079
9082
9083
9085
9087
9091
9093
9098
9100
9103
9108
9110
9111
9115
9121
9122
9127
9133
9138
9139
9145
9147
9151
9154
9155
9158
9159
9160
9162
9164
9165
9167
9169
9175
9176
9178
9183
9186
9187
9191
9195
9197
9199
9200
9205
9208
9213
9215
9216
9221
9222
9223
9224
9225
9227
9229
9231
9233
9236
9239
9241
9242
9246
9250
9253
9258
9259
9260
9261
9262
9263
9268
9269
9270
9271
9273
9274
9276
9277
9280
9283
9289
9291
9292
9296
9302
9306
9313
9314
9315
9318
9319
9322
9324
9325
9326
9329
9339
9346
9347
9349
9352
9355
9363
9365
9366
9369
9373
9376
9379
9380
9381
9383
9388
