0
1
2
3
4
5
7
8
9
10
11
12
13
14
16
17
18
19
20
21
22
23
25
26
28
30
31
32
33
34
35
36
37
38
39
40
43
44
46
47
48
49
51
52
53
54
55
57
58
60
61
62
63
64
65
66
67
69
70
72
73
74
75
77
78
80
81
82
83
84
85
86
87
89
90
93
94
95
96
97
98
99
101
102
103
104
106
107
109
110
111
112
115
116
117
118
119
122
124
125
126
128
129
130
131
132
134
135
137
138
139
140
141
142
144
146
147
148
150
151
153
156
157
158
159
163
164
166
167
168
169
170
171
172
173
174
177
178
179
180
181
182
184
186
187
188
190
191
192
193
195
196
197
199
200
201
202
203
206
208
209
217
218
219
221
222
224
225
226
227
228
229
231
232
234
237
238
239
240
242
243
245
246
247
248
249
250
251
253
254
255
258
259
263
264
266
267
268
269
270
271
272
273
275
276
278
279
280
281
282
283
284
285
288
289
290
291
292
293
294
295
296
298
299
300
301
302
306
307
310
312
313
314
315
316
317
319
321
323
325
326
327
328
329
330
331
332
333
334
336
337
339
340
341
342
343
344
345
346
348
350
351
352
353
354
357
359
360
361
362
363
364
365
367
369
370
372
373
374
376
377
378
379
381
382
383
384
386
387
388
390
391
392
394
395
398
399
400
401
403
404
405
406
408
409
410
413
415
418
419
420
422
424
425
427
428
430
431
432
433
434
435
436
437
439
440
441
445
446
447
449
450
452
454
455
456
457
458
460
462
463
464
465
466
467
468
469
470
471
473
474
475
476
477
479
480
482
483
484
485
486
487
488
490
491
492
493
494
496
497
499
500
501
503
504
505
507
508
510
511
512
513
514
515
516
517
518
519
520
521
522
525
526
528
529
530
531
533
534
535
536
537
538
539
540
541
542
543
545
546
547
549
550
552
553
554
555
556
557
559
560
561
564
565
566
567
568
571
572
574
575
576
578
580
581
582
583
584
585
586
587
589
590
591
592
593
594
595
598
599
602
603
605
606
607
608
609
610
611
613
614
616
618
619
620
621
622
624
625
626
628
629
631
632
633
634
635
636
637
639
640
641
642
643
645
646
647
648
649
650
651
652
653
654
656
657
658
659
660
661
663
664
665
667
669
670
672
674
675
676
677
679
680
681
682
683
684
685
686
690
691
692
694
695
697
698
699
701
702
704
705
706
707
708
709
711
712
714
715
716
717
719
720
721
722
723
724
725
726
727
728
729
731
734
736
740
741
742
743
744
745
746
747
748
750
751
752
753
754
755
756
758
761
762
763
765
766
768
769
770
771
773
775
776
777
778
779
781
782
785
786
787
788
790
791
792
793
794
798
799
801
804
805
806
807
808
809
810
811
812
813
814
815
816
817
818
819
820
821
822
823
824
825
827
829
830
831
832
837
838
840
841
842
844
845
847
848
851
853
854
857
858
859
861
862
863
864
865
866
867
870
871
872
873
875
876
878
879
880
882
883
884
885
886
887
888
889
893
894
895
897
899
900
901
902
903
904
906
907
908
911
912
913
915
916
917
919
921
923
925
926
928
929
930
931
933
934
935
936
937
938
939
941
943
944
946
948
949
950
951
952
953
954
955
956
957
958
959
960
961
962
963
964
965
968
969
970
971
973
974
976
977
979
983
985
986
987
988
989
990
992
993
994
995
996
997
999
1000
1004
1005
1007
1008
1009
1010
1011
1012
1014
1015
1016
1018
1020
1021
1022
1023
1025
1026
1027
1028
1029
1032
1033
1034
1035
1037
1039
1040
1041
1042
1043
1044
1046
1047
1049
1050
1051
1052
1053
1054
1056
1057
1058
1060
1061
1062
1064
1065
1066
1067
1068
1069
1071
1072
1073
1075
1076
1078
1081
1082
1085
1086
1087
1088
1090
1091
1093
1095
1096
1099
1100
1101
1102
1103
1104
1106
1107
1108
1112
1113
1114
1115
1116
1117
1119
1120
1121
1123
1124
1129
1132
1133
1134
1137
1138
1140
1141
1142
1144
1146
1147
1148
1149
1150
1151
1152
1153
1154
1155
1156
1157
1158
1159
1160
1161
1162
1163
1164
1165
1167
1169
1170
1172
1173
1175
1176
1177
1179
1180
1181
1182
1183
1185
1186
1187
1188
1189
1190
1192
1193
1196
1197
1200
1201
1202
1203
1204
1205
1206
1207
1210
1211
1212
1213
1214
1215
1216
1217
1218
1222
1223
1225
1226
1227
1228
1233
1235
1236
1237
1238
1241
1242
1243
1245
1246
1247
1248
1249
1250
1251
1252
1253
1254
1257
1259
1262
1263
1264
1265
1266
1267
1269
1270
1271
1273
1275
1276
1278
1281
1282
1283
1284
1285
1288
1290
1291
1292
1293
1295
1296
1297
1299
1300
1301
1302
1303
1305
1307
1308
1309
1310
1312
1313
1315
1316
1317
1318
1319
1320
1322
1323
1324
1325
1326
1327
1328
1329
1331
1332
1334
1335
1337
1338
1339
1340
1341
1344
1345
1347
1348
1351
1353
1356
1358
1360
1361
1362
1363
1365
1366
1367
1368
1369
1370
1372
1373
1376
1377
1378
1379
1380
1381
1382
1383
1384
1385
1389
1390
1391
1392
1393
1394
1395
1396
1397
1398
1400
1401
1402
1403
1404
1406
1407
1408
1410
1411
1412
1413
1414
1415
1416
1417
1419
1421
1422
1423
1424
1426
1427
1428
1429
1430
1431
1432
1434
1436
1437
1438
1439
1440
1441
1442
1444
1445
1446
1447
1448
1449
1450
1453
1454
1455
1456
1457
1458
1460
1461
1462
1463
1464
1468
1469
1470
1471
1473
1474
1478
1480
1481
1482
1483
1485
1486
1487
1488
1490
1491
1492
1494
1496
1499
1500
1502
1503
1505
1506
1507
1508
1509
1510
1511
1512
1513
1515
1516
1519
1520
1521
1523
1524
1525
1526
1527
1528
1529
1530
1531
1533
1534
1535
1536
1537
1538
1539
1540
1541
1542
1544
1545
1549
1550
1551
1552
1553
1554
1555
1556
1557
1558
1559
1560
1562
1563
1565
1567
1568
1569
1571
1572
1574
1575
1576
1578
1581
1582
1583
1584
1585
1586
1588
1589
1590
1591
1592
1593
1594
1596
1597
1598
1599
1600
1601
1603
1604
1605
1606
1608
1609
1610
1611
1612
1614
1615
1616
1617
1618
1619
1620
1621
1622
1623
1624
1625
1626
1627
1628
1629
1630
1631
1632
1633
1634
1635
1636
1637
1641
1642
1644
1645
1647
1648
1650
1651
1652
1654
1655
1656
1657
1663
1664
1665
1668
1669
1670
1672
1674
1675
1678
1680
1681
1682
1683
1684
1685
1686
1687
1688
1689
1690
1692
1693
1696
1697
1698
1700
1701
1703
1704
1705
1707
1708
1709
1710
1711
1712
1714
1715
1718
1720
1721
1722
1723
1725
1726
1727
1728
1731
1732
1733
1734
1735
1738
1739
1741
1743
1744
1746
1747
1749
1751
1753
1754
1756
1757
1758
1759
1760
1761
1762
1764
1765
1768
1769
1770
1771
1772
1774
1775
1776
1777
1778
1780
1781
1783
1784
1785
1786
1787
1788
1790
1791
1794
1795
1796
1797
1799
1800
1801
1804
1805
1806
1807
1808
1809
1810
1811
1813
1814
1817
1818
1819
1821
1822
1823
1825
1826
1827
1828
1829
1830
1833
1835
1837
1838
1840
1841
1842
1844
1847
1848
1850
1851
1852
1853
1855
1858
1860
1864
1865
1866
1867
1868
1869
1871
1873
1874
1875
1876
1877
1878
1880
1882
1883
1884
1885
1886
1887
1888
1889
1891
1893
1894
1895
1896
1897
1898
1899
1900
1901
1902
1903
1904
1905
1907
1909
1910
1911
1912
1913
1914
1915
1918
1920
1921
1922
1924
1925
1926
1927
1928
1929
1930
1931
1932
1933
1934
1935
1938
1939
1940
1941
1943
1946
1948
1950
1953
1954
1955
1957
1961
1962
1964
1965
1966
1972
1973
1977
1978
1980
1981
1982
1983
1984
1985
1986
1987
1989
1991
1992
1993
1995
1996
1997
1998
1999
2002
2003
2004
2006
2007
2008
2010
2011
2012
2013
2014
2015
2018
2019
2020
2021
2022
2023
2026
2027
2029
2030
2031
2032
2033
2034
2035
2036
2037
2040
2041
2042
2044
2045
2047
2048
2050
2051
2052
2053
2054
2055
2056
2057
2058
2059
2061
2062
2063
2064
2066
2067
2068
2069
2070
2071
2072
2073
2074
2075
2076
2077
2078
2079
2080
2081
2082
2084
2085
2088
2090
2091
2092
2095
2096
2097
2099
2100
2101
2102
2103
2104
2107
2108
2109
2111
2113
2115
2116
2118
2119
2120
2121
2123
2124
2126
2129
2130
2132
2133
2134
2135
2136
2140
2144
2145
2146
2147
2148
2149
2150
2151
2152
2154
2155
2156
2157
2158
2159
2160
2161
2162
2164
2166
2167
2169
2170
2171
2172
2173
2175
2176
2178
2179
2180
2181
2182
2183
2185
2186
2188
2189
2191
2192
2193
2194
2195
2196
2197
2199
2200
2201
2202
2203
2204
2205
2206
2207
2208
2209
2210
2211
2212
2213
2214
2215
2217
2219
2220
2221
2222
2223
2225
2226
2227
2229
2230
2232
2233
2235
2236
2238
2240
2241
2242
2243
2245
2246
2247
2248
2249
2251
2252
2255
2257
2258
2259
2260
2261
2262
2264
2268
2271
2272
2273
2274
2275
2276
2278
2279
2280
2281
2283
2284
2285
2286
2287
2288
2289
2292
2293
2294
2296
2297
2298
2299
2300
2303
2305
2306
2307
2308
2309
2310
2311
2312
2315
2316
2318
2319
2320
2321
2322
2324
2325
2327
2328
2330
2331
2332
2333
2334
2336
2337
2338
2339
2340
2341
2342
2344
2345
2347
2348
2349
2351
2353
2354
2355
2356
2357
2358
2361
2362
2363
2364
2366
2367
2369
2371
2372
2374
2375
2376
2377
2378
2379
2380
2381
2383
2384
2385
2386
2388
2389
2390
2391
2392
2393
2394
2397
2398
2400
2402
2403
2407
2408
2409
2410
2411
2412
2413
2414
2415
2417
2418
2420
2421
2422
2423
2424
2425
2426
2427
2428
2430
2431
2432
2434
2435
2441
2442
2443
2445
2446
2447
2448
2450
2451
2452
2453
2455
2457
2458
2459
2462
2464
2465
2466
2467
2468
2469
2471
2472
2473
2475
2476
2477
2480
2482
2483
2484
2485
2487
2488
2489
2490
2491
2492
2493
2494
2495
2496
2497
2498
2500
2501
2502
2503
2505
2506
2507
2508
2510
2512
2514
2517
2518
2519
2521
2523
2524
2525
2531
2532
2533
2535
2540
2541
2542
2543
2545
2546
2547
2549
2550
2551
2552
2554
2555
2556
2557
2558
2560
2561
2562
2563
2564
2565
2567
2569
2571
2573
2574
2577
2578
2579
2581
2582
2584
2585
2586
2587
2588
2589
2590
2592
2595
2596
2597
2598
2600
2603
2604
2605
2606
2609
2611
2612
2614
2615
2616
2617
2618
2619
2620
2621
2622
2623
2624
2625
2626
2627
2628
2629
2632
2634
2635
2636
2639
2641
2642
2643
2644
2646
2647
2648
2650
2652
2653
2655
2656
2657
2658
2659
2660
2661
2663
2665
2666
2667
2668
2669
2671
2672
2673
2674
2675
2676
2677
2678
2680
2681
2682
2683
2684
2686
2689
2690
2691
2692
2693
2694
2697
2699
2700
2701
2702
2703
2709
2710
2712
2713
2715
2717
2718
2719
2720
2721
2722
2723
2726
2727
2728
2729
2730
2733
2734
2735
2736
2737
2738
2739
2740
2741
2742
2744
2745
2746
2747
2749
2750
2752
2753
2754
2755
2758
2759
2760
2763
2766
2767
2768
2769
2770
2771
2772
2773
2775
2776
2777
2778
2779
2780
2781
2782
2783
2784
2786
2787
2789
2790
2791
2792
2794
2796
2797
2798
2800
2802
2803
2805
2806
2809
2810
2813
2815
2816
2821
2824
2826
2827
2828
2829
2830
2832
2833
2834
2835
2836
2840
2841
2842
2844
2846
2847
2848
2849
2852
2853
2854
2856
2857
2858
2859
2861
2862
2863
2865
2866
2868
2869
2871
2872
2873
2875
2877
2878
2879
2880
2881
2882
2883
2885
2887
2889
2890
2891
2894
2895
2896
2898
2899
2901
2902
2903
2905
2906
2907
2908
2909
2910
2911
2912
2914
2915
2916
2917
2919
2920
2921
2922
2923
2924
2925
2926
2927
2929
2930
2933
2935
2936
2937
2940
2942
2943
2944
2945
2946
2947
2950
2952
2953
2954
2955
2956
2957
2958
2960
2962
2963
2965
2966
2967
2969
2970
2971
2972
2974
2977
2978
2979
2980
2982
2984
2985
2986
2987
2988
2990
2991
2992
2993
2994
2995
2996
2997
2998
2999
3001
3002
3004
3005
3006
3007
3009
3010
3011
3016
3017
3018
3019
3022
3023
3026
3027
3028
3029
3031
3033
3034
3036
3037
3039
3040
3041
3043
3044
3045
3047
3048
3049
3050
3051
3052
3053
3054
3055
3056
3057
3059
3060
3061
3062
3063
3064
3067
3069
3070
3072
3073
3074
3076
3077
3078
3079
3081
3083
3084
3086
3087
3088
3090
3094
3095
3096
3098
3101
3103
3104
3105
3107
3109
3110
3111
3112
3113
3114
3116
3118
3119
3120
3122
3123
3124
3125
3126
3127
3128
3129
3130
3131
3133
3134
3135
3138
3139
3140
3141
3144
3145
3147
3148
3149
3150
3151
3152
3153
3154
3155
3156
3157
3159
3160
3162
3164
3165
3166
3169
3170
3171
3172
3173
3175
3176
3177
3178
3179
3180
3181
3183
3184
3185
3186
3187
3188
3189
3190
3191
3192
3193
3194
3197
3198
3201
3202
3203
3204
3205
3207
3210
3211
3213
3214
3216
3217
3219
3220
3222
3223
3224
3225
3227
3230
3231
3232
3233
3234
3235
3236
3237
3238
3239
3240
3241
3243
3244
3245
3247
3249
3253
3254
3255
3256
3258
3259
3260
3261
3262
3263
3264
3265
3266
3267
3269
3271
3272
3275
3276
3277
3278
3279
3280
3282
3284
3285
3286
3287
3288
3289
3290
3291
3292
3293
3294
3295
3296
3299
3301
3302
3304
3307
3308
3310
3311
3312
3313
3314
3316
3317
3318
3320
3321
3322
3323
3324
3325
3328
3329
3331
3332
3333
3334
3335
3336
3337
3338
3340
3342
3344
3345
3346
3348
3350
3353
3354
3356
3358
3362
3363
3365
3367
3369
3370
3371
3372
3373
3375
3376
3377
3379
3381
3382
3384
3385
3387
3388
3390
3391
3392
3393
3394
3395
3396
3397
3398
3399
3400
3401
3403
3404
3405
3406
3407
3408
3414
3415
3416
3417
3419
3420
3421
3422
3423
3425
3427
3428
3429
3431
3432
3433
3434
3435
3437
3439
3440
3441
3442
3443
3444
3446
3447
3448
3449
3451
3454
3455
3456
3457
3458
3459
3460
3461
3463
3464
3465
3466
3467
3468
3471
3472
3473
3476
3477
3478
3480
3481
3482
3483
3484
3485
3486
3487
3488
3489
3491
3492
3493
3494
3495
3496
3498
3499
3501
3503
3504
3505
3506
3507
3508
3509
3511
3513
3514
3515
3516
3517
3518
3519
3520
3521
3522
3523
3524
3525
3526
3527
3528
3529
3531
3533
3534
3535
3536
3537
3539
3540
3541
3542
3544
3545
3548
3549
3550
3551
3552
3554
3555
3558
3559
3563
3565
3566
3568
3569
3570
3572
3574
3575
3576
3577
3578
3579
3580
3581
3583
3587
3588
3590
3591
3592
3593
3594
3597
3598
3599
3600
3601
3602
3603
3604
3605
3606
3607
3609
3611
3612
3614
3616
3617
3618
3620
3622
3623
3624
3625
3627
3628
3629
3630
3631
3632
3633
3634
3635
3636
3638
3639
3642
3643
3644
3645
3646
3648
3649
3650
3652
3654
3655
3656
3657
3659
3660
3661
3663
3664
3666
3667
3668
3669
3670
3671
3672
3673
3675
3676
3677
3678
3680
3682
3683
3684
3685
3686
3688
3691
3693
3695
3697
3698
3700
3702
3703
3705
3706
3707
3709
3710
3712
3715
3716
3718
3719
3720
3721
3722
3723
3724
3725
3727
3730
3732
3734
3735
3736
3738
3739
3740
3741
3742
3743
3745
3746
3747
3748
3749
3750
3753
3755
3756
3758
3759
3760
3762
3763
3764
3765
3767
3769
3770
3771
3772
3773
3774
3775
3776
3777
3778
3779
3780
3782
3785
3786
3787
3788
3789
3790
3791
3792
3794
3795
3797
3798
3800
3802
3804
3805
3806
3808
3809
3810
3811
3812
3815
3816
3817
3818
3819
3820
3822
3823
3825
3827
3828
3829
3830
3831
3832
3833
3834
3835
3836
3837
3838
3839
3840
3843
3844
3845
3846
3847
3848
3849
3850
3852
3853
3856
3857
3858
3861
3863
3864
3865
3866
3869
3870
3871
3873
3874
3875
3876
3877
3878
3879
3881
3883
3884
3885
3887
3890
3892
3893
3894
3895
3896
3897
3899
3900
3901
3902
3903
3904
3905
3906
3907
3908
3910
3911
3912
3913
3915
3917
3918
3920
3921
3922
3923
3924
3925
3927
3928
3929
3930
3931
3932
3933
3934
3935
3936
3937
3938
3939
3940
3941
3942
3944
3945
3946
3947
3948
3950
3951
3952
3954
3955
3956
3957
3958
3960
3961
3962
3963
3964
3965
3966
3967
3968
3969
3971
3973
3974
3975
3978
3979
3980
3981
3982
3983
3984
3985
3986
3987
3988
3989
3990
3991
3992
3994
3996
3997
3998
4000
4001
4002
4003
4005
4007
4008
4009
4010
4011
4012
4013
4016
4017
4018
4019
4021
4022
4023
4025
4027
4030
4031
4032
4033
4034
4035
4036
4039
4042
4045
4046
4047
4054
4056
4057
4059
4061
4062
4063
4064
4065
4066
4067
4068
4071
4073
4074
4076
4078
4079
4080
4083
4084
4089
4090
4091
4094
4095
4097
4099
4100
4101
4102
4103
4106
4109
4110
4111
4112
4113
4114
4116
4117
4118
4119
4123
4124
4125
4126
4127
4128
4129
4131
4132
4133
4134
4135
4136
4138
4139
4142
4144
4145
4147
4149
4150
4151
4152
4154
4155
4156
4157
4158
4160
4161
4162
4164
4165
4166
4167
4169
4170
4172
4173
4174
4176
4178
4179
4181
4182
4184
4185
4186
4187
4189
4190
4191
4192
4193
4196
4197
4198
4200
4201
4202
4203
4204
4205
4207
4209
4210
4211
4212
4213
4214
4215
4218
4219
4220
4222
4224
4227
4229
4233
4234
4235
4236
4237
4239
4240
4241
4244
4245
4246
4248
4250
4252
4253
4254
4255
4256
4259
4260
4262
4263
4264
4265
4266
4267
4268
4269
4270
4271
4272
4273
4274
4275
4276
4278
4279
4280
4281
4282
4283
4284
4286
4288
4293
4294
4295
4296
4297
4298
4299
4300
4301
4302
4303
4304
4305
4307
4308
4309
4310
4311
4312
4314
4316
4317
4318
4319
4320
4323
4325
4326
4327
4328
4330
4331
4332
4334
4335
4336
4337
4338
4339
4340
4341
4342
4344
4346
4347
4348
4349
4351
4353
4354
4355
4357
4358
4360
4361
4362
4363
4364
4365
4368
4369
4370
4372
4373
4376
4377
4378
4379
4380
4381
4382
4383
4384
4385
4386
4387
4388
4389
4390
4391
4392
4394
4395
4396
4398
4400
4401
4402
4403
4404
4405
4406
4407
4408
4411
4412
4413
4414
4415
4416
4417
4418
4419
4420
4421
4422
4423
4425
4426
4427
4428
4430
4431
4432
4433
4435
4437
4439
4440
4441
4442
4444
4445
4446
4449
4450
4452
4453
4454
4456
4457
4458
4459
4461
4462
4463
4464
4465
4466
4467
4468
4469
4471
4472
4474
4477
4478
4479
4480
4481
4482
4483
4484
4485
4486
4487
4489
4490
4491
4492
4493
4496
4497
4498
4499
4500
4501
4502
4503
4504
4506
4507
4508
4509
4510
4512
4513
4514
4515
4516
4517
4518
4521
4522
4523
4525
4528
4529
4530
4531
4532
4534
4536
4537
4538
4539
4540
4541
4542
4543
4544
4545
4548
4549
4550
4551
4552
4553
4555
4556
4558
4559
4560
4561
4564
4567
4568
4571
4572
4574
4576
4578
4579
4580
4582
4584
4586
4588
4590
4591
4592
4593
4595
4596
4597
4598
4599
4600
4601
4602
4603
4604
4605
4606
4607
4608
4609
4610
4611
4612
4613
4615
4617
4619
4620
4621
4622
4623
4624
4626
4627
4628
4629
4631
4634
4635
4636
4637
4638
4643
4644
4646
4647
4648
4649
4650
4651
4652
4654
4655
4656
4657
4658
4661
4664
4665
4666
4667
4668
4670
4671
4672
4674
4675
4676
4677
4678
4679
4680
4681
4683
4685
4686
4687
4688
4689
4691
4693
4696
4697
4700
4701
4703
4704
4705
4706
4707
4709
4710
4711
4712
4713
4715
4716
4717
4718
4719
4720
4721
4722
4723
4724
4725
4726
4727
4728
4730
4731
4732
4738
4739
4740
4741
4742
4743
4745
4746
4747
4749
4750
4752
4754
4755
4757
4758
4759
4761
4763
4764
4765
4766
4767
4768
4773
4774
4775
4776
4777
4778
4779
4781
4782
4783
4785
4786
4789
4790
4791
4793
4794
4796
4797
4799
4802
4807
4809
4810
4817
4819
4821
4822
4823
4824
4825
4826
4827
4829
4830
4831
4834
4835
4836
4837
4838
4839
4841
4842
4843
4844
4845
4847
4849
4850
4854
4856
4857
4858
4859
4860
4861
4862
4863
4864
4865
4866
4867
4868
4869
4870
4871
4873
4874
4875
4877
4878
4879
4880
4882
4884
4885
4886
4887
4888
4890
4891
4892
4893
4894
4895
4896
4897
4898
4900
4901
4902
4903
4904
4905
4908
4909
4910
4911
4912
4913
4914
4915
4916
4919
4920
4921
4923
4924
4926
4929
4930
4931
4932
4933
4934
4936
4938
4941
4942
4944
4945
4946
4947
4948
4949
4950
4951
4952
4953
4955
4956
4957
4958
4960
4961
4962
4963
4964
4967
4969
4970
4971
4972
4973
4974
4975
4977
4978
4979
4980
4981
4982
4983
4984
4985
4987
4988
4989
4990
4991
4992
4993
4994
4995
4996
4997
4998
5000
5002
5003
5004
5005
5006
5008
5009
5010
5011
5012
5013
5014
5017
5018
5019
5020
5023
5024
5027
5028
5030
5031
5034
5035
5036
5038
5039
5040
5042
5044
5046
5047
5049
5051
5052
5053
5054
5055
5056
5058
5059
5061
5062
5065
5066
5067
5069
5070
5071
5073
5075
5076
5078
5079
5080
5082
5083
5085
5087
5088
5089
5090
5091
5092
5094
5095
5096
5098
5099
5100
5101
5103
5105
5106
5107
5108
5109
5110
5111
5112
5113
5114
5116
5117
5118
5121
5123
5124
5126
5127
5128
5129
5131
5132
5133
5134
5137
5138
5139
5142
5144
5145
5147
5148
5150
5152
5153
5154
5155
5156
5158
5160
5161
5163
5164
5165
5166
5167
5168
5169
5173
5174
5175
5176
5179
5181
5182
5183
5184
5185
5186
5187
5188
5190
5192
5193
5194
5196
5197
5198
5200
5202
5203
5205
5206
5208
5209
5210
5211
5212
5213
5214
5215
5217
5218
5220
5222
5223
5224
5225
5227
5231
5234
5235
5237
5238
5239
5240
5241
5244
5245
5246
5247
5248
5251
5252
5253
5254
5255
5256
5258
5259
5260
5261
5263
5265
5266
5267
5269
5270
5271
5272
5273
5274
5275
5276
5278
5279
5282
5283
5285
5286
5287
5288
5289
5290
5291
5292
5295
5296
5298
5299
5300
5302
5303
5305
5307
5308
5311
5312
5313
5314
5315
5316
5317
5318
5319
5320
5321
5325
5326
5327
5328
5329
5330
5332
5334
5335
5336
5337
5338
5339
5340
5342
5344
5346
5348
5350
5351
5353
5356
5357
5358
5359
5360
5361
5362
5365
5366
5367
5368
5369
5370
5371
5374
5375
5376
5377
5378
5379
5380
5381
5383
5384
5385
5387
5389
5390
5391
5392
5394
5395
5396
5397
5398
5399
5400
5402
5403
5405
5406
5407
5408
5409
5410
5411
5412
5413
5414
5415
5416
5417
5418
5422
5424
5425
5426
5427
5428
5431
5432
5433
5434
5435
5436
5438
5439
5440
5441
5442
5443
5446
5447
5449
5450
5452
5453
5456
5457
5459
5461
5462
5463
5464
5466
5467
5469
5472
5473
5474
5475
5476
5477
5479
5480
5481
5482
5483
5484
5485
5488
5489
5492
5493
5496
5497
5498
5499
5501
5502
5503
5504
5505
5506
5507
5508
5509
5510
5514
5515
5516
5519
5520
5521
5522
5523
5524
5525
5530
5532
5533
5534
5535
5536
5538
5540
5541
5545
5547
5549
5550
5551
5552
5553
5554
5555
5556
5559
5560
5564
5565
5566
5568
5569
5572
5573
5574
5576
5577
5578
5579
5582
5584
5585
5588
5589
5591
5593
5594
5595
5596
5597
5600
5602
5604
5605
5606
5607
5608
5609
5610
5611
5612
5614
5615
5616
5617
5618
5619
5620
5621
5624
5626
5627
5629
5630
5631
5632
5633
5635
5637
5639
5640
5642
5644
5645
5646
5647
5648
5650
5651
5652
5654
5655
5657
5658
5659
5660
5661
5662
5663
5665
5666
5667
5668
5669
5670
5671
5672
5675
5677
5679
5681
5682
5683
5684
5685
5686
5687
5688
5694
5695
5696
5699
5700
5702
5704
5705
5706
5707
5711
5712
5713
5714
5715
5716
5717
5718
5720
5722
5723
5724
5725
5726
5727
5730
5732
5735
5736
5737
5739
5740
5741
5742
5743
5745
5746
5748
5749
5750
5751
5753
5754
5755
5756
5757
5759
5760
5761
5763
5764
5766
5768
5769
5770
5771
5772
5774
5775
5777
5778
5779
5780
5781
5784
5785
5786
5787
5789
5790
5791
5792
5793
5794
5795
5796
5797
5798
5799
5800
5801
5803
5804
5805
5806
5807
5808
5812
5813
5816
5818
5819
5820
5821
5824
5825
5826
5827
5828
5829
5830
5831
5833
5834
5835
5836
5837
5838
5839
5840
5841
5842
5843
5844
5846
5848
5849
5850
5851
5852
5853
5854
5856
5857
5858
5859
5860
5861
5865
5866
5867
5868
5869
5870
5871
5872
5874
5875
5876
5877
5878
5879
5880
5881
5882
5883
5885
5886
5888
5890
5893
5895
5896
5897
5898
5900
5901
5902
5903
5904
5905
5906
5907
5909
5910
5911
5912
5913
5915
5917
5918
5919
5920
5921
5922
5925
5926
5927
5928
5929
5930
5931
5933
5934
5935
5936
5938
5939
5941
5942
5943
5944
5947
5949
5951
5952
5953
5954
5955
5958
5960
5962
5963
5965
5966
5967
5968
5969
5970
5972
5973
5975
5976
5977
5978
5979
5980
5982
5984
5986
5988
5990
5991
5993
5995
5997
5998
6000
6001
6002
6003
6004
6005
6008
6009
6010
6011
6012
6013
6015
6017
6018
6019
6021
6022
6023
6026
6028
6030
6031
6032
6034
6036
6038
6039
6040
6041
6042
6044
6045
6046
6047
6048
6049
6050
6051
6052
6053
6054
6056
6058
6059
6060
6062
6064
6065
6066
6067
6068
6069
6070
6073
6074
6076
6077
6078
6079
6080
6081
6083
6084
6085
6086
6087
6088
6089
6090
6092
6093
6094
6095
6096
6097
6099
6100
6101
6103
6107
6108
6109
6110
6111
6112
6114
6115
6116
6117
6118
6119
6120
6121
6123
6125
6126
6128
6130
6131
6132
6133
6134
6135
6136
6137
6140
6141
6142
6143
6144
6145
6146
6148
6149
6150
6151
6153
6154
6155
6156
6157
6158
6159
6160
6161
6162
6163
6164
6166
6167
6168
6170
6171
6172
6173
6174
6175
6176
6179
6180
6181
6186
6187
6188
6190
6191
6193
6194
6195
6196
6198
6199
6200
6202
6203
6204
6206
6207
6210
6211
6212
6213
6214
6216
6217
6218
6219
6221
6222
6223
6226
6227
6231
6232
6233
6234
6235
6237
6238
6240
6241
6242
6243
6244
6245
6247
6248
6249
6250
6251
6253
6254
6257
6259
6262
6263
6264
6266
6267
6268
6269
6270
6271
6273
6274
6276
6277
6278
6279
6280
6281
6282
6283
6285
6286
6287
6288
6292
6294
6295
6297
6298
6300
6301
6303
6304
6305
6309
6311
6313
6314
6315
6316
6318
6319
6321
6322
6323
6325
6326
6327
6328
6330
6333
6334
6335
6336
6337
6338
6341
6342
6344
6346
6347
6349
6350
6352
6353
6355
6356
6357
6359
6360
6361
6362
6364
6365
6366
6367
6368
6370
6371
6372
6373
6375
6376
6378
6379
6380
6381
6384
6385
6386
6387
6391
6392
6393
6394
6398
6399
6400
6401
6403
6406
6407
6409
6410
6412
6413
6415
6416
6418
6419
6421
6422
6423
6424
6426
6429
6430
6431
6432
6433
6434
6435
6436
6437
6439
6440
6441
6442
6443
6444
6445
6446
6447
6448
6449
6450
6451
6454
6455
6456
6457
6459
6460
6461
6462
6463
6464
6465
6466
6467
6468
6469
6470
6472
6473
6474
6475
6476
6477
6479
6480
6481
6482
6485
6486
6487
6488
6490
6491
6492
6493
6494
6495
6496
6497
6498
6499
6502
6503
6504
6506
6508
6509
6510
6511
6512
6514
6515
6516
6520
6521
6522
6523
6524
6526
6529
6530
6531
6532
6533
6534
6535
6538
6540
6543
6544
6546
6547
6548
6549
6550
6551
6552
6553
6554
6555
6557
6558
6559
6560
6561
6563
6564
6566
6567
6568
6569
6571
6574
6575
6576
6577
6578
6579
6580
6581
6582
6583
6585
6587
6588
6590
6592
6594
6596
6598
6599
6600
6601
6602
6603
6604
6605
6606
6607
6608
6609
6612
6613
6614
6615
6616
6620
6622
6623
6624
6625
6626
6627
6628
6629
6630
6631
6632
6633
6634
6637
6638
6640
6641
6644
6645
6646
6648
6651
6652
6653
6654
6655
6657
6658
6659
6660
6661
6662
6665
6666
6667
6668
6669
6670
6671
6673
6676
6677
6678
6679
6681
6682
6683
6684
6685
6686
6687
6688
6689
6690
6691
6692
6694
6695
6696
6698
6700
6701
6702
6703
6704
6705
6706
6709
6710
6711
6712
6713
6715
6716
6717
6718
6719
6720
6721
6722
6724
6725
6726
6728
6729
6733
6734
6735
6736
6737
6738
6739
6740
6743
6744
6745
6746
6747
6748
6749
6751
6752
6755
6756
6760
6761
6764
6765
6768
6769
6770
6771
6772
6773
6774
6775
6776
6777
6778
6779
6780
6781
6783
6784
6786
6787
6788
6789
6791
6792
6794
6795
6796
6797
6798
6799
6800
6802
6803
6804
6805
6806
6807
6809
6810
6812
6813
6814
6817
6818
6819
6820
6821
6824
6825
6826
6827
6828
6830
6831
6832
6833
6835
6836
6837
6838
6839
6840
6841
6842
6843
6846
6847
6848
6849
6851
6852
6853
6854
6855
6856
6857
6858
6859
6860
6861
6862
6863
6865
6866
6867
6868
6870
6873
6874
6875
6876
6877
6879
6880
6881
6882
6883
6884
6886
6889
6890
6891
6892
6893
6894
6895
6897
6898
6899
6900
6901
6904
6905
6907
6908
6909
6911
6912
6913
6916
6917
6918
6919
6921
6922
6923
6924
6925
6926
6927
6929
6930
6931
6932
6933
6934
6935
6936
6937
6938
6939
6941
6942
6943
6944
6947
6949
6950
6951
6952
6954
6955
6956
6957
6958
6959
6961
6962
6964
6965
6966
6967
6968
6970
6972
6974
6975
6976
6977
6978
6979
6982
6983
6984
6986
6987
6990
6991
6992
6993
6994
6995
6997
6998
7001
7002
7003
7004
7005
7007
7008
7009
7010
7013
7014
7016
7017
7018
7019
7020
7021
7022
7023
7024
7025
7026
7027
7028
7029
7030
7031
7033
7035
7036
7037
7038
7039
7040
7041
7044
7045
7047
7048
7049
7050
7054
7055
7057
7058
7059
7060
7062
7063
7064
7065
7066
7067
7068
7072
7073
7074
7075
7076
7078
7079
7081
7083
7085
7087
7088
7089
7090
7092
7094
7095
7096
7097
7098
7099
7101
7102
7103
7104
7106
7107
7108
7111
7112
7114
7116
7117
7119
7120
7121
7122
7123
7124
7125
7126
7127
7128
7129
7130
7131
7132
7133
7134
7136
7137
7138
7139
7140
7141
7142
7144
7145
7146
7149
7150
7151
7153
7154
7155
7156
7157
7160
7161
7162
7163
7164
7165
7166
7168
7171
7172
7176
7177
7178
7179
7180
7181
7182
7184
7185
7186
7187
7188
7189
7190
7192
7193
7194
7195
7197
7198
7199
7201
7202
7203
7204
7205
7206
7207
7208
7212
7215
7216
7217
7218
7219
7220
7221
7222
7223
7225
7226
7227
7228
7231
7232
7233
7235
7236
7237
7239
7240
7241
7242
7243
7244
7246
7247
7248
7249
7250
7251
7253
7254
7255
7257
7258
7259
7262
7263
7266
7267
7270
7271
7272
7273
7275
7276
7277
7278
7279
7280
7282
7284
7285
7288
7289
7290
7291
7292
7293
7294
7295
7296
7297
7298
7302
7304
7305
7306
7308
7311
7312
7314
7316
7317
7318
7319
7320
7323
7324
7325
7326
7327
7328
7329
7330
7332
7333
7335
7337
7338
7339
7340
7341
7342
7343
7344
7345
7346
7347
7352
7353
7354
7355
7356
7359
7361
7362
7363
7364
7365
7366
7367
7369
7372
7373
7374
7378
7379
7380
7381
7383
7384
7385
7386
7387
7388
7389
7390
7391
7394
7395
7396
7397
7398
7399
7400
7401
7403
7404
7405
7406
7407
7408
7410
7412
7413
7414
7415
7416
7417
7418
7419
7421
7422
7424
7425
7426
7428
7429
7431
7434
7435
7438
7439
7440
7441
7444
7446
7449
7450
7452
7454
7455
7457
7459
7462
7463
7464
7465
7467
7468
7469
7470
7471
7472
7473
7475
7476
7477
7479
7480
7483
7486
7487
7489
7490
7493
7496
7500
7501
7503
7505
7506
7509
7510
7513
7516
7517
7518
7519
7520
7521
7522
7523
7524
7526
7527
7528
7529
7531
7534
7535
7537
7538
7540
7542
7543
7544
7545
7546
7547
7548
7549
7550
7551
7552
7553
7554
7555
7556
7558
7559
7560
7562
7563
7565
7566
7567
7568
7569
7571
7572
7574
7576
7577
7578
7579
7580
7581
7582
7584
7587
7588
7590
7592
7593
7600
7602
7603
7604
7605
7606
7607
7608
7609
7610
7611
7612
7613
7614
7616
7617
7619
7620
7622
7623
7625
7626
7627
7628
7629
7630
7631
7632
7633
7634
7635
7636
7637
7639
7640
7642
7643
7644
7646
7647
7648
7649
7652
7653
7654
7655
7656
7660
7661
7662
7664
7665
7666
7668
7669
7670
7671
7672
7673
7674
7675
7676
7678
7679
7680
7681
7682
7683
7684
7685
7686
7688
7690
7691
7692
7693
7694
7696
7698
7699
7701
7703
7707
7709
7710
7712
7714
7716
7718
7719
7720
7722
7723
7724
7725
7726
7727
7728
7729
7730
7731
7732
7733
7734
7735
7736
7738
7741
7742
7743
7744
7745
7746
7747
7749
7750
7751
7752
7753
7754
7755
7756
7758
7760
7761
7762
7763
7764
7765
7767
7769
7770
7772
7773
7775
7776
7777
7778
7779
7780
7781
7782
7783
7786
7787
7788
7790
7792
7793
7794
7796
7797
7798
7799
7800
7802
7803
7804
7806
7807
7808
7809
7810
7812
7814
7817
7818
7820
7821
7823
7824
7825
7826
7827
7829
7830
7831
7832
7833
7834
7836
7838
7839
7840
7841
7842
7844
7845
7848
7849
7851
7852
7853
7854
7855
7856
7857
7858
7859
7860
7863
7864
7865
7866
7867
7868
7870
7871
7872
7873
7874
7875
7876
7877
7878
7879
7881
7885
7887
7888
7889
7890
7891
7893
7894
7895
7896
7897
7898
7899
7901
7903
7904
7907
7908
7909
7911
7912
7913
7914
7915
7917
7918
7919
7920
7921
7922
7923
7925
7926
7928
7929
7930
7931
7932
7933
7936
7937
7940
7941
7942
7944
7945
7947
7948
7949
7950
7951
7952
7953
7955
7956
7957
7958
7960
7962
7963
7964
7965
7966
7968
7969
7970
7972
7973
7974
7976
7977
7978
7979
7981
7982
7987
7990
7991
7993
7994
7995
7996
7998
7999
8000
8001
8002
8003
8004
8005
8006
8007
8008
8009
8010
8011
8012
8014
8015
8018
8019
8020
8021
8022
8023
8026
8027
8029
8031
8034
8037
8038
8039
8040
8041
8042
8043
8044
8045
8046
8047
8048
8049
8053
8054
8055
8056
8057
8058
8059
8061
8063
8064
8065
8066
8067
8068
8069
8070
8071
8072
8074
8075
8079
8081
8082
8083
8084
8085
8086
8087
8088
8089
8091
8092
8093
8094
8095
8099
8100
8101
8102
8103
8106
8108
8109
8110
8112
8113
8114
8115
8116
8118
8119
8122
8123
8124
8125
8128
8129
8130
8132
8133
8134
8135
8136
8138
8139
8140
8141
8143
8144
8145
8146
8147
8150
8151
8153
8154
8156
8157
8158
8159
8160
8162
8163
8164
8165
8166
8167
8171
8172
8173
8174
8175
8176
8178
8182
8183
8184
8185
8186
8187
8188
8189
8191
8192
8194
8195
8196
8198
8199
8200
8201
8202
8203
8204
8205
8206
8209
8210
8211
8212
8215
8217
8218
8219
8222
8223
8224
8225
8226
8229
8230
8231
8232
8233
8236
8237
8238
8239
8240
8241
8242
8243
8245
8248
8249
8251
8253
8256
8257
8258
8259
8261
8263
8265
8266
8269
8270
8272
8273
8275
8276
8277
8280
8281
8282
8283
8284
8285
8286
8288
8289
8290
8291
8292
8293
8294
8296
8297
8298
8300
8301
8302
8303
8305
8306
8307
8308
8310
8312
8314
8316
8317
8318
8320
8321
8322
8323
8324
8325
8328
8330
8332
8334
8335
8337
8338
8339
8340
8342
8343
8345
8346
8347
8348
8349
8350
8352
8353
8354
8356
8357
8358
8359
8361
8362
8363
8364
8365
8366
8369
8370
8371
8374
8376
8377
8378
8379
8380
8382
8384
8385
8386
8387
8389
8393
8394
8395
8396
8397
8399
8400
8401
8403
8404
8407
8408
8409
8411
8412
8413
8414
8416
8417
8418
8421
8423
8424
8425
8427
8428
8429
8431
8435
8436
8438
8439
8440
8441
8442
8443
8444
8445
8446
8447
8448
8449
8450
8451
8452
8453
8454
8455
8457
8458
8459
8460
8461
8462
8463
8464
8465
8469
8471
8473
8474
8475
8476
8478
8480
8481
8482
8483
8484
8485
8486
8487
8488
8489
8491
8493
8494
8495
8496
8497
8499
8500
8501
8502
8503
8504
8505
8506
8509
8510
8511
8512
8513
8514
8516
8517
8520
8521
8522
8523
8524
8526
8528
8530
8533
8534
8535
8536
8538
8539
8540
8541
8543
8545
8546
8547
8549
8551
8552
8553
8556
8557
8559
8560
8561
8563
8564
8566
8568
8569
8570
8571
8572
8573
8574
8576
8579
8580
8581
8585
8586
8587
8588
8589
8591
8596
8597
8603
8604
8605
8607
8609
8610
8612
8613
8614
8615
8616
8617
8618
8622
8623
8625
8627
8629
8631
8632
8633
8634
8635
8637
8638
8639
8641
8643
8644
8646
8647
8649
8651
8652
8653
8654
8658
8659
8661
8663
8664
8665
8666
8668
8669
8670
8672
8673
8674
8675
8676
8678
8679
8680
8681
8682
8684
8686
8687
8688
8689
8690
8691
8692
8693
8694
8696
8697
8698
8699
8700
8702
8704
8705
8706
8708
8710
8711
8712
8713
8714
8715
8716
8717
8718
8719
8720
8721
8722
8725
8726
8728
8729
8730
8732
8733
8735
8736
8737
8738
8739
8741
8743
8744
8747
8750
8753
8754
8755
8758
8760
8764
8765
8767
8768
8769
8770
8772
8773
8776
8777
8778
8779
8780
8781
8782
8783
8784
8785
8787
8791
8792
8793
8794
8795
8798
8799
8800
8801
8802
8805
8806
8808
8811
8812
8813
8814
8815
8816
8818
8820
8822
8823
8826
8827
8828
8829
8830
8831
8832
8833
8834
8836
8837
8839
8840
8841
8843
8844
8845
8847
8851
8852
8853
8854
8855
8856
8857
8858
8859
8860
8862
8864
8866
8867
8868
8869
8870
8871
8873
8875
8876
8877
8878
8879
8880
8881
8882
8887
8888
8889
8891
8894
8895
8896
8897
8898
8899
8900
8901
8902
8903
8904
8905
8906
8907
8908
8909
8910
8911
8912
8914
8915
8916
8917
8918
8919
8920
8921
8922
8923
8926
8927
8928
8929
8930
8931
8932
8933
8934
8936
8937
8938
8939
8940
8941
8942
8943
8944
8945
8947
8949
8950
8951
8952
8953
8954
8955
8956
8960
8962
8963
8965
8966
8967
8968
8969
8970
8971
8972
8973
8974
8975
8976
8977
8978
8979
8980
8982
8983
8985
8986
8987
8988
8989
8990
8991
8992
8993
8995
8996
8997
8999
9000
9001
9002
9003
9004
9006
9007
9008
9009
9011
9012
9014
9015
9016
9017
9018
9019
9021
9022
9023
9025
9029
9030
9031
9032
9033
9034
9035
9038
9039
9040
9041
9043
9045
9046
9047
9048
9050
9051
9052
9053
9054
9055
9057
9058
9059
9060
9061
9062
9064
9065
9066
9067
9068
9069
9070
9071
9072
9073
9074
9075
9076
9077
9079
9082
9083
9084
9085
9086
9087
9088
9089
9090
9091
9092
9095
9097
9098
9099
9100
9101
9102
9103
9104
9105
9106
9108
9110
9111
9113
9114
9115
9117
9119
9121
9122
9123
9125
9126
9127
9129
9131
9132
9134
9136
9137
9138
9141
9142
9143
9144
9145
9146
9147
9149
9151
9152
9154
9156
9157
9158
9162
9163
9165
9166
9168
9169
9170
9171
9172
9174
9178
9179
9180
9181
9182
9184
9185
9187
9188
9190
9192
9193
9194
9195
9197
9198
9199
9200
9201
9202
9203
9204
9205
9206
9207
9208
9210
9212
9214
9215
9216
9217
9218
9219
9221
9222
9223
9224
9225
9227
9228
9229
9230
9231
9232
9233
9234
9235
9237
9238
9240
9241
9242
9243
9244
9246
9247
9249
9250
9251
9252
9253
9255
9256
9257
9259
9260
9261
9264
9265
9266
9268
9269
9270
9271
9272
9273
9275
9276
9277
9278
9279
9280
9281
9282
9283
9284
9285
9286
9287
9288
9289
9290
9291
9292
9294
9295
9296
9297
9299
9300
9303
9304
9306
9308
9309
9310
9311
9312
9313
9314
9315
9316
9317
9318
9319
9320
9321
9323
9324
9325
9327
9328
9329
9330
9331
9332
9334
9335
9336
9337
9338
9339
9340
9342
9343
9344
9346
9347
9348
9349
9350
9351
9353
9355
9356
9358
9359
9360
9363
9364
9365
9366
9367
9368
9371
9372
9373
9375
9376
9377
9379
9380
9381
9382
9384
9386
9387
9388
