3
4
5
6
8
9
14
15
16
17
18
19
21
22
23
25
27
28
29
30
31
32
33
34
36
37
38
40
55
56
58
60
61
62
64
71
74
75
76
82
84
85
86
87
89
91
93
94
95
97
98
99
100
101
103
104
106
107
108
109
110
113
116
119
124
127
128
129
130
132
133
134
135
136
138
139
140
141
145
146
147
149
150
152
155
156
158
161
162
163
164
165
166
168
170
173
175
176
178
180
181
182
184
186
187
189
190
194
197
200
201
204
206
210
212
214
215
216
217
220
223
224
225
226
227
230
231
232
233
235
238
240
242
243
244
245
248
250
251
252
253
254
255
256
257
259
260
262
265
267
268
269
270
271
272
274
275
276
282
284
285
288
289
291
292
294
295
301
304
305
306
307
309
312
313
314
315
316
317
319
320
324
326
327
329
331
333
335
338
339
340
341
342
343
345
348
351
355
357
359
362
363
364
365
366
367
368
371
372
376
378
379
380
382
383
389
393
395
396
402
403
404
405
406
407
408
413
414
415
416
417
423
424
425
429
430
431
434
435
436
438
439
440
441
445
446
447
448
450
452
453
454
455
456
457
458
459
461
462
463
465
469
471
474
475
476
477
480
482
485
488
489
494
496
497
500
501
503
504
505
512
513
514
516
519
521
524
525
528
529
530
531
532
534
535
536
537
539
540
541
544
546
548
549
550
552
553
554
557
558
559
561
562
563
566
567
568
569
571
572
573
579
580
581
587
592
593
596
600
601
602
604
605
606
607
608
609
611
612
613
616
617
618
619
621
622
623
624
626
627
631
632
637
638
639
641
642
643
644
645
646
647
648
649
650
652
654
655
656
658
659
660
662
665
668
669
670
671
673
674
676
677
679
680
681
682
687
690
693
694
695
698
700
701
704
706
707
709
710
711
712
713
714
715
716
717
721
722
723
725
726
727
729
731
732
733
735
736
737
738
740
742
743
745
746
747
748
752
753
754
755
757
760
761
763
765
766
767
768
769
770
771
773
776
777
778
779
781
782
784
785
788
789
792
793
794
796
797
799
803
805
807
808
809
811
813
814
816
817
818
819
821
822
823
828
829
830
838
839
840
842
843
844
845
847
849
850
858
860
861
864
865
868
870
872
873
874
875
876
878
883
884
885
887
889
890
891
893
894
895
896
899
902
905
906
907
908
909
910
912
913
914
915
916
918
919
922
923
925
928
931
934
935
936
937
938
939
941
942
943
945
946
947
948
950
951
953
954
955
956
958
960
961
962
965
967
968
970
971
972
974
976
979
981
982
983
985
990
991
992
995
996
997
1000
1001
1002
1005
1008
1009
1010
1013
1014
1017
1018
1020
1022
1023
1024
1025
1026
1027
1028
1029
1030
1031
1032
1033
1034
1035
1036
1037
1039
1041
1042
1044
1045
1046
1047
1048
1049
1052
1054
1055
1056
1057
1058
1060
1061
1064
1065
1066
1067
1069
1070
1071
1072
1076
1077
1078
1079
1081
1082
1086
1087
1089
1093
1095
1096
1099
1101
1102
1104
1108
1111
1112
1114
1115
1116
1117
1119
1120
1121
1122
1123
1125
1126
1128
1129
1130
1132
1133
1134
1135
1137
1139
1142
1146
1147
1148
1149
1150
1151
1152
1159
1160
1162
1163
1164
1166
1169
1170
1171
1172
1173
1177
1178
1182
1187
1188
1191
1193
1195
1196
1197
1198
1199
1201
1202
1203
1204
1209
1212
1216
1217
1218
1219
1221
1222
1224
1226
1227
1228
1231
1234
1236
1239
1240
1241
1243
1244
1248
1250
1251
1255
1260
1263
1265
1267
1270
1273
1276
1277
1279
1282
1284
1285
1286
1288
1291
1294
1295
1297
1300
1301
1302
1305
1307
1308
1310
1311
1312
1313
1314
1315
1316
1318
1319
1320
1321
1322
1323
1325
1326
1327
1329
1330
1333
1335
1336
1339
1341
1343
1344
1346
1347
1348
1351
1352
1353
1356
1357
1359
1361
1363
1366
1372
1373
1374
1375
1377
1379
1382
1383
1384
1385
1386
1387
1388
1389
1390
1392
1394
1398
1399
1404
1406
1408
1409
1410
1411
1414
1415
1417
1419
1420
1422
1424
1425
1426
1427
1428
1430
1431
1432
1435
1436
1437
1442
1443
1444
1445
1446
1447
1448
1449
1451
1452
1455
1456
1459
1460
1461
1463
1464
1465
1466
1467
1468
1469
1471
1472
1473
1475
1476
1477
1481
1485
1487
1488
1489
1491
1492
1493
1496
1497
1499
1500
1502
1505
1507
1508
1510
1511
1513
1514
1515
1516
1517
1520
1522
1524
1525
1527
1529
1531
1533
1534
1535
1536
1538
1539
1542
1545
1547
1548
1549
1552
1553
1554
1556
1557
1558
1560
1561
1562
1563
1566
1567
1568
1569
1575
1579
1583
1584
1585
1586
1589
1591
1592
1593
1594
1600
1602
1603
1606
1610
1612
1614
1618
1619
1620
1623
1625
1629
1630
1631
1633
1635
1636
1639
1640
1641
1642
1644
1647
1650
1651
1653
1655
1658
1659
1660
1661
1662
1668
1670
1672
1673
1676
1677
1679
1684
1685
1686
1687
1688
1689
1690
1692
1694
1695
1697
1698
1699
1701
1703
1705
1706
1707
1708
1710
1713
1715
1717
1719
1720
1721
1723
1726
1727
1728
1729
1730
1732
1734
1736
1745
1747
1749
1750
1751
1752
1754
1757
1761
1762
1763
1764
1768
1771
1773
1774
1776
1777
1779
1782
1783
1784
1785
1786
1788
1793
1795
1797
1798
1800
1801
1802
1803
1807
1811
1812
1813
1815
1816
1818
1820
1822
1824
1826
1828
1830
1832
1834
1836
1841
1844
1845
1846
1847
1848
1849
1850
1855
1857
1858
1859
1860
1863
1864
1865
1866
1867
1869
1870
1872
1873
1877
1878
1879
1880
1881
1882
1886
1887
1888
1889
1891
1893
1894
1895
1902
1905
1907
1910
1911
1912
1913
1914
1915
1916
1918
1919
1920
1927
1928
1929
1930
1931
1932
1934
1935
1936
1938
1939
1940
1942
1944
1945
1948
1949
1951
1953
1957
1959
1960
1963
1965
1966
1967
1971
1973
1974
1979
1980
1981
1982
1983
1984
1985
1988
1990
1993
1994
1995
2002
2003
2005
2007
2012
2013
2015
2016
2017
2018
2019
2021
2022
2025
2029
2030
2031
2032
2033
2034
2036
2041
2042
2046
2047
2048
2049
2050
2051
2052
2053
2056
2057
2059
2060
2062
2064
2065
2068
2069
2071
2072
2076
2078
2080
2081
2082
2083
2084
2085
2086
2087
2088
2090
2091
2092
2094
2096
2097
2099
2100
2101
2102
2106
2107
2108
2109
2110
2112
2114
2115
2120
2121
2122
2124
2126
2127
2128
2133
2134
2135
2137
2138
2141
2143
2144
2146
2148
2150
2151
2152
2153
2154
2155
2160
2162
2163
2165
2168
2173
2177
2179
2184
2185
2186
2187
2189
2191
2193
2195
2196
2197
2200
2201
2202
2203
2205
2210
2212
2216
2217
2222
2224
2226
2227
2231
2233
2235
2238
2240
2241
2243
2244
2245
2246
2248
2250
2251
2252
2253
2257
2258
2259
2262
2263
2266
2267
2269
2272
2273
2277
2279
2281
2288
2289
2290
2291
2292
2294
2295
2296
2298
2299
2302
2305
2306
2307
2308
2309
2310
2311
2313
2314
2316
2318
2319
2324
2326
2327
2328
2330
2332
2333
2334
2335
2336
2339
2340
2341
2343
2345
2348
2350
2351
2352
2355
2358
2359
2360
2362
2366
2367
2368
2369
2372
2373
2375
2377
2378
2379
2380
2381
2382
2384
2387
2389
2392
2394
2397
2400
2402
2403
2405
2406
2410
2411
2412
2413
2416
2417
2418
2420
2421
2422
2423
2426
2427
2428
2429
2430
2431
2432
2433
2435
2436
2437
2438
2439
2440
2444
2445
2446
2448
2449
2451
2454
2456
2457
2458
2459
2461
2462
2463
2465
2466
2467
2468
2472
2473
2474
2476
2478
2479
2480
2481
2482
2484
2486
2489
2493
2494
2496
2497
2499
2503
2507
2511
2512
2515
2516
2517
2518
2519
2520
2523
2524
2526
2527
2528
2534
2537
2538
2539
2540
2542
2544
2545
2547
2548
2550
2551
2552
2553
2554
2556
2558
2561
2562
2563
2566
2567
2569
2572
2573
2576
2578
2579
2580
2581
2582
2585
2586
2589
2593
2595
2597
2598
2601
2602
2604
2607
2608
2609
2610
2611
2613
2614
2616
2617
2619
2620
2623
2625
2626
2629
2630
2632
2633
2635
2636
2639
2641
2643
2646
2647
2651
2652
2653
2656
2658
2661
2664
2665
2669
2673
2674
2675
2677
2678
2679
2680
2682
2683
2684
2686
2687
2689
2693
2694
2695
2698
2699
2702
2703
2704
2706
2707
2709
2710
2711
2713
2719
2721
2723
2726
2727
2728
2729
2730
2731
2733
2737
2738
2741
2743
2745
2750
2753
2755
2756
2757
2758
2760
2761
2763
2765
2767
2768
2770
2771
2773
2774
2776
2779
2783
2784
2787
2788
2790
2792
2796
2798
2800
2801
2802
2804
2805
2806
2807
2808
2809
2812
2813
2815
2816
2818
2819
2820
2821
2822
2827
2828
2830
2831
2834
2835
2836
2837
2841
2844
2845
2846
2848
2849
2851
2852
2853
2854
2855
2856
2859
2860
2861
2865
2866
2869
2871
2872
2873
2876
2877
2878
2880
2881
2882
2883
2884
2886
2887
2888
2891
2893
2894
2895
2897
2898
2900
2901
2903
2907
2908
2909
2912
2913
2914
2916
2918
2923
2924
2926
2927
2928
2929
2930
2932
2933
2937
2938
2939
2942
2947
2950
2951
2952
2953
2954
2956
2959
2962
2963
2967
2969
2974
2976
2977
2978
2980
2983
2987
2990
2992
2993
2995
2997
2998
2999
3000
3001
3002
3003
3004
3006
3007
3008
3009
3010
3012
3014
3015
3016
3019
3020
3021
3022
3023
3024
3025
3026
3029
3030
3033
3034
3035
3036
3038
3039
3040
3042
3047
3051
3052
3053
3056
3058
3059
3062
3063
3064
3066
3067
3068
3069
3070
3073
3074
3077
3085
3087
3088
3093
3098
3099
3100
3102
3103
3104
3105
3106
3109
3111
3112
3113
3118
3119
3120
3121
3123
3124
3127
3128
3129
3130
3131
3132
3134
3135
3138
3139
3143
3145
3146
3147
3148
3152
3153
3155
3158
3160
3161
3162
3163
3167
3168
3169
3171
3172
3173
3175
3176
3177
3178
3179
3181
3183
3185
3187
3189
3190
3191
3193
3194
3195
3196
3197
3199
3200
3202
3204
3208
3210
3212
3215
3218
3219
3220
3222
3223
3226
3229
3231
3232
3233
3234
3235
3236
3237
3238
3240
3241
3243
3244
3246
3247
3248
3249
3250
3253
3255
3260
3261
3264
3265
3267
3268
3270
3271
3272
3274
3276
3277
3279
3280
3282
3283
3286
3288
3289
3291
3292
3294
3298
3299
3300
3301
3302
3303
3308
3309
3311
3313
3315
3321
3322
3323
3324
3325
3326
3329
3331
3333
3334
3336
3342
3345
3346
3348
3349
3351
3353
3356
3357
3358
3360
3362
3370
3371
3376
3378
3382
3385
3386
3387
3388
3389
3390
3391
3393
3394
3396
3399
3401
3403
3406
3409
3414
3415
3416
3417
3418
3421
3423
3425
3429
3430
3432
3433
3435
3439
3441
3444
3445
3446
3447
3450
3452
3454
3457
3458
3459
3461
3462
3463
3464
3466
3468
3469
3470
3472
3473
3474
3475
3476
3477
3480
3481
3482
3486
3487
3489
3490
3491
3492
3494
3495
3497
3498
3500
3501
3504
3507
3510
3511
3516
3517
3521
3522
3523
3524
3525
3526
3528
3529
3531
3532
3534
3537
3540
3541
3542
3545
3546
3549
3550
3553
3554
3557
3559
3561
3564
3566
3570
3571
3572
3575
3577
3578
3580
3581
3582
3583
3584
3586
3587
3589
3590
3592
3593
3595
3597
3598
3599
3600
3602
3604
3606
3607
3608
3610
3611
3612
3615
3617
3618
3619
3620
3621
3623
3625
3628
3635
3636
3638
3639
3640
3641
3642
3644
3645
3646
3647
3648
3649
3650
3651
3656
3657
3658
3659
3661
3662
3663
3665
3666
3669
3670
3674
3675
3677
3680
3684
3686
3687
3688
3689
3691
3692
3693
3694
3695
3696
3697
3701
3702
3704
3705
3706
3707
3708
3709
3712
3715
3716
3717
3718
3719
3720
3721
3722
3723
3724
3725
3727
3729
3731
3733
3735
3736
3739
3741
3742
3743
3745
3747
3751
3752
3753
3754
3757
3758
3759
3760
3763
3772
3773
3774
3778
3779
3780
3782
3783
3784
3785
3786
3787
3788
3789
3790
3791
3793
3795
3797
3803
3804
3806
3807
3810
3812
3813
3815
3817
3819
3821
3824
3825
3826
3827
3828
3829
3830
3831
3832
3833
3834
3835
3837
3845
3847
3848
3849
3851
3852
3854
3857
3859
3862
3865
3867
3868
3869
3870
3871
3872
3873
3874
3875
3877
3878
3879
3881
3886
3887
3888
3889
3890
3891
3892
3894
3895
3897
3900
3901
3902
3904
3905
3906
3909
3912
3913
3917
3918
3920
3921
3922
3923
3925
3926
3927
3929
3931
3932
3934
3935
3937
3941
3942
3943
3945
3946
3947
3949
3950
3951
3952
3955
3956
3957
3959
3961
3962
3964
3967
3971
3975
3976
3979
3981
3982
3984
3986
3989
3990
3991
3992
3993
4001
4008
4010
4012
4013
4015
4017
4018
4019
4020
4021
4022
4026
4028
4032
4034
4035
4036
4037
4040
4042
4043
4044
4047
4049
4052
4054
4055
4056
4058
4062
4063
4064
4065
4068
4070
4071
4072
4073
4074
4075
4079
4081
4082
4084
4085
4087
4088
4089
4090
4092
4093
4094
4095
4096
4099
4101
4102
4103
4104
4106
4108
4111
4112
4113
4117
4118
4121
4123
4125
4126
4128
4130
4131
4132
4134
4137
4138
4139
4141
4142
4144
4145
4146
4147
4148
4149
4150
4151
4153
4154
4158
4159
4160
4161
4162
4165
4168
4169
4171
4172
4173
4174
4175
4176
4177
4178
4184
4185
4187
4189
4190
4192
4193
4194
4195
4198
4199
4201
4202
4203
4204
4205
4208
4214
4215
4216
4217
4218
4220
4222
4223
4224
4225
4226
4227
4228
4230
4232
4234
4237
4238
4243
4245
4247
4248
4250
4251
4252
4253
4254
4255
4256
4261
4262
4263
4264
4265
4268
4273
4275
4278
4279
4280
4281
4282
4285
4288
4289
4290
4291
4292
4295
4296
4297
4299
4300
4303
4304
4305
4309
4310
4315
4316
4317
4319
4323
4329
4331
4332
4333
4334
4335
4337
4340
4342
4343
4344
4345
4346
4348
4349
4350
4351
4354
4355
4356
4357
4359
4360
4363
4365
4366
4368
4369
4370
4371
4372
4373
4374
4375
4376
4378
4383
4384
4385
4386
4388
4393
4394
4395
4396
4399
4400
4401
4403
4404
4405
4409
4410
4411
4413
4415
4417
4418
4423
4425
4426
4427
4428
4429
4433
4434
4435
4436
4437
4439
4440
4444
4446
4449
4453
4454
4455
4459
4460
4463
4464
4465
4467
4469
4475
4477
4480
4482
4483
4484
4485
4490
4491
4492
4494
4495
4496
4498
4501
4502
4504
4506
4507
4508
4509
4511
4512
4513
4515
4517
4520
4525
4527
4528
4529
4530
4531
4532
4534
4535
4537
4539
4540
4542
4544
4547
4548
4551
4552
4554
4555
4559
4560
4561
4563
4564
4567
4569
4571
4572
4574
4575
4578
4580
4583
4584
4585
4586
4589
4590
4591
4594
4596
4597
4598
4599
4600
4601
4602
4603
4604
4607
4610
4614
4615
4616
4619
4622
4626
4628
4629
4636
4637
4638
4641
4642
4645
4646
4648
4649
4652
4660
4661
4662
4663
4665
4666
4669
4670
4671
4672
4673
4674
4677
4678
4680
4683
4684
4685
4686
4687
4688
4690
4692
4693
4694
4698
4699
4701
4706
4710
4714
4716
4718
4719
4720
4721
4722
4725
4730
4731
4732
4733
4734
4735
4736
4738
4741
4743
4746
4747
4748
4751
4753
4754
4757
4759
4760
4762
4764
4765
4769
4771
4775
4778
4779
4780
4781
4784
4785
4786
4788
4789
4790
4791
4792
4793
4795
4802
4806
4807
4809
4813
4815
4816
4820
4821
4822
4823
4824
4825
4827
4828
4829
4830
4832
4833
4834
4835
4836
4843
4844
4845
4846
4847
4848
4849
4851
4854
4859
4862
4863
4867
4868
4869
4870
4871
4872
4875
4877
4878
4879
4880
4882
4883
4885
4888
4889
4890
4892
4893
4896
4897
4898
4899
4900
4901
4905
4906
4908
4909
4912
4913
4914
4915
4916
4917
4918
4919
4920
4921
4922
4924
4925
4927
4928
4931
4933
4934
4935
4937
4938
4942
4943
4944
4945
4946
4950
4951
4952
4956
4959
4960
4962
4963
4965
4966
4967
4969
4970
4971
4972
4973
4974
4975
4976
4977
4979
4980
4983
4984
4989
4992
4993
4994
4995
4997
5002
5003
5005
5006
5007
5008
5009
5013
5015
5016
5019
5021
5023
5024
5025
5027
5028
5029
5030
5031
5032
5034
5035
5039
5040
5041
5042
5043
5044
5045
5046
5047
5050
5052
5053
5054
5057
5058
5059
5060
5062
5064
5066
5067
5068
5069
5071
5073
5074
5075
5080
5082
5085
5088
5089
5090
5092
5093
5096
5097
5101
5102
5103
5104
5105
5107
5108
5110
5113
5114
5115
5117
5121
5123
5124
5125
5128
5129
5130
5133
5134
5136
5138
5139
5140
5141
5142
5145
5146
5149
5150
5151
5152
5154
5156
5157
5160
5161
5163
5168
5170
5171
5176
5177
5179
5181
5182
5185
5187
5188
5189
5190
5193
5195
5196
5198
5199
5203
5205
5206
5207
5210
5211
5212
5213
5216
5219
5221
5222
5227
5228
5229
5234
5237
5242
5245
5246
5247
5249
5251
5253
5256
5257
5259
5260
5263
5264
5268
5269
5270
5274
5275
5276
5277
5278
5279
5280
5281
5282
5283
5284
5285
5288
5289
5290
5293
5295
5297
5299
5301
5303
5306
5308
5309
5311
5312
5315
5316
5317
5318
5320
5323
5324
5325
5326
5327
5328
5330
5331
5332
5334
5335
5336
5337
5338
5339
5341
5342
5343
5346
5349
5350
5351
5352
5354
5357
5358
5362
5364
5365
5366
5367
5371
5373
5376
5377
5378
5380
5385
5395
5396
5398
5399
5400
5405
5406
5407
5409
5410
5411
5414
5415
5416
5418
5419
5420
5421
5423
5425
5426
5428
5429
5430
5435
5438
5442
5443
5444
5445
5447
5451
5452
5453
5454
5455
5456
5458
5459
5461
5462
5463
5464
5466
5467
5468
5469
5470
5471
5472
5474
5475
5476
5477
5478
5481
5482
5483
5484
5485
5486
5487
5488
5491
5492
5495
5497
5499
5501
5503
5504
5505
5507
5508
5509
5510
5512
5513
5517
5521
5522
5523
5524
5525
5526
5528
5529
5530
5531
5532
5534
5535
5539
5541
5542
5545
5546
5547
5548
5550
5552
5554
5555
5556
5557
5558
5559
5560
5561
5562
5564
5565
5566
5568
5569
5570
5571
5572
5575
5577
5579
5581
5582
5584
5587
5588
5591
5593
5594
5596
5597
5598
5600
5601
5602
5603
5604
5606
5607
5609
5611
5612
5615
5616
5618
5619
5620
5621
5622
5623
5624
5625
5626
5627
5629
5630
5631
5633
5635
5636
5638
5639
5641
5642
5643
5644
5646
5647
5648
5650
5651
5652
5657
5658
5659
5660
5661
5662
5665
5666
5667
5668
5669
5670
5672
5673
5675
5676
5678
5679
5681
5686
5687
5688
5689
5691
5693
5694
5695
5696
5699
5700
5702
5703
5704
5705
5711
5712
5713
5714
5715
5717
5719
5721
5722
5723
5726
5727
5729
5731
5732
5733
5735
5737
5738
5739
5744
5745
5746
5747
5750
5751
5754
5756
5757
5758
5760
5761
5762
5765
5768
5769
5770
5771
5776
5779
5782
5784
5786
5788
5791
5792
5794
5795
5797
5799
5801
5803
5804
5807
5808
5809
5812
5813
5814
5816
5817
5818
5820
5821
5822
5823
5824
5825
5827
5829
5830
5831
5832
5834
5837
5840
5841
5843
5844
5847
5848
5849
5852
5859
5860
5861
5864
5865
5867
5868
5869
5871
5872
5873
5875
5876
5877
5878
5881
5882
5883
5884
5885
5887
5889
5890
5892
5893
5896
5898
5900
5901
5902
5904
5906
5907
5908
5909
5911
5912
5913
5915
5916
5917
5918
5920
5921
5922
5924
5926
5928
5930
5934
5937
5938
5940
5941
5942
5944
5946
5947
5949
5951
5953
5954
5961
5963
5964
5965
5966
5967
5969
5970
5971
5972
5974
5977
5978
5979
5981
5983
5984
5987
5988
5989
5990
5994
5995
5997
5998
5999
6000
6001
6002
6003
6004
6005
6008
6009
6010
6011
6014
6016
6018
6019
6020
6021
6022
6023
6027
6029
6031
6033
6034
6037
6038
6040
6041
6042
6043
6045
6047
6048
6051
6052
6053
6054
6055
6056
6057
6061
6062
6065
6069
6071
6073
6074
6075
6077
6078
6079
6081
6084
6085
6086
6091
6094
6095
6096
6097
6102
6103
6106
6107
6108
6109
6111
6112
6113
6114
6115
6116
6119
6120
6121
6124
6125
6126
6127
6128
6132
6133
6134
6135
6136
6137
6139
6141
6143
6144
6147
6148
6150
6151
6152
6154
6155
6156
6158
6159
6161
6162
6163
6165
6167
6168
6169
6170
6172
6173
6174
6177
6178
6181
6182
6183
6184
6186
6190
6192
6193
6195
6196
6198
6202
6203
6207
6209
6210
6212
6213
6214
6215
6216
6217
6221
6222
6224
6225
6226
6227
6232
6234
6235
6236
6238
6240
6242
6246
6247
6248
6249
6250
6252
6253
6255
6260
6261
6262
6266
6267
6269
6270
6273
6279
6283
6285
6289
6290
6291
6292
6294
6295
6297
6298
6299
6300
6303
6304
6306
6308
6309
6310
6312
6313
6314
6316
6318
6319
6322
6323
6324
6325
6327
6328
6329
6330
6331
6332
6333
6334
6335
6339
6341
6342
6343
6345
6347
6349
6350
6351
6352
6353
6355
6357
6359
6360
6362
6366
6369
6371
6374
6376
6377
6378
6379
6382
6383
6384
6385
6386
6387
6390
6391
6392
6393
6395
6396
6399
6400
6401
6402
6403
6404
6405
6407
6410
6411
6412
6413
6414
6415
6418
6419
6420
6424
6427
6429
6431
6432
6433
6434
6435
6438
6439
6440
6442
6444
6445
6446
6447
6448
6449
6450
6451
6453
6454
6455
6456
6460
6462
6466
6467
6468
6469
6470
6471
6477
6478
6480
6481
6482
6485
6487
6489
6490
6491
6492
6493
6501
6502
6505
6506
6507
6509
6511
6513
6515
6517
6519
6520
6522
6526
6530
6532
6533
6535
6537
6538
6539
6540
6542
6543
6544
6546
6548
6549
6550
6553
6554
6556
6557
6558
6560
6561
6562
6563
6564
6565
6566
6567
6568
6569
6570
6571
6573
6574
6576
6577
6582
6583
6584
6587
6591
6593
6594
6595
6597
6600
6602
6603
6607
6609
6611
6612
6613
6614
6619
6620
6621
6623
6624
6626
6627
6629
6631
6633
6634
6635
6636
6637
6639
6640
6642
6644
6645
6646
6647
6648
6650
6651
6655
6657
6658
6659
6660
6661
6662
6664
6666
6667
6669
6670
6671
6672
6674
6676
6680
6681
6682
6683
6686
6688
6689
6691
6693
6694
6695
6697
6698
6699
6705
6706
6707
6708
6709
6710
6711
6713
6714
6717
6718
6719
6720
6721
6723
6724
6726
6727
6728
6729
6730
6737
6738
6739
6741
6743
6745
6747
6749
6750
6751
6752
6753
6758
6759
6760
6761
6762
6763
6764
6766
6769
6770
6773
6774
6775
6777
6780
6782
6786
6787
6790
6791
6793
6794
6796
6797
6798
6799
6801
6802
6803
6804
6805
6807
6809
6810
6811
6813
6815
6816
6817
6818
6822
6823
6824
6825
6826
6828
6831
6834
6836
6837
6838
6839
6840
6841
6842
6844
6846
6850
6851
6852
6855
6856
6857
6858
6860
6861
6863
6864
6866
6867
6869
6870
6872
6877
6879
6882
6885
6888
6889
6890
6891
6892
6893
6894
6898
6900
6901
6902
6903
6907
6909
6910
6912
6914
6917
6918
6921
6922
6923
6924
6925
6926
6927
6928
6932
6933
6934
6935
6937
6938
6940
6941
6943
6946
6949
6953
6955
6957
6958
6961
6962
6964
6967
6968
6973
6974
6976
6978
6982
6983
6986
6987
6990
6992
6993
6995
6996
6997
6999
7000
7001
7004
7006
7007
7010
7011
7013
7015
7017
7018
7021
7023
7024
7028
7029
7032
7034
7036
7037
7038
7039
7041
7042
7044
7045
7051
7052
7057
7058
7059
7060
7061
7062
7064
7066
7068
7071
7074
7075
7076
7080
7082
7083
7085
7087
7090
7091
7092
7094
7096
7097
7099
7102
7103
7104
7105
7108
7109
7111
7112
7113
7116
7118
7119
7122
7123
7125
7126
7127
7129
7132
7133
7134
7135
7137
7140
7143
7144
7145
7146
7147
7151
7153
7156
7158
7160
7162
7164
7167
7169
7171
7173
7175
7176
7177
7185
7186
7187
7188
7190
7191
7193
7195
7197
7198
7199
7203
7204
7206
7207
7208
7209
7210
7211
7212
7213
7214
7215
7218
7219
7220
7222
7223
7224
7225
7227
7228
7229
7230
7231
7232
7233
7234
7235
7236
7237
7238
7241
7244
7245
7246
7247
7248
7252
7253
7255
7257
7258
7259
7263
7264
7265
7266
7267
7269
7272
7273
7274
7276
7277
7282
7283
7284
7285
7289
7291
7293
7294
7295
7296
7297
7298
7299
7300
7302
7306
7307
7308
7310
7311
7312
7313
7314
7315
7317
7320
7322
7323
7325
7326
7330
7331
7332
7335
7336
7339
7340
7341
7343
7344
7346
7352
7353
7354
7356
7359
7360
7365
7366
7368
7371
7372
7373
7376
7378
7382
7383
7385
7386
7387
7388
7389
7391
7393
7397
7398
7399
7401
7402
7403
7406
7407
7410
7412
7414
7415
7417
7418
7421
7423
7424
7425
7426
7429
7431
7433
7435
7437
7438
7440
7443
7444
7445
7446
7455
7456
7457
7458
7460
7462
7463
7464
7465
7467
7468
7469
7470
7471
7473
7476
7477
7478
7479
7480
7482
7483
7485
7486
7487
7490
7491
7492
7493
7494
7495
7496
7497
7498
7500
7501
7507
7509
7510
7512
7513
7515
7516
7517
7520
7521
7525
7526
7529
7530
7531
7533
7534
7537
7540
7541
7543
7544
7546
7552
7553
7555
7559
7562
7563
7564
7566
7568
7569
7570
7571
7572
7574
7575
7577
7578
7579
7580
7581
7582
7583
7585
7589
7591
7592
7594
7596
7597
7600
7601
7602
7603
7607
7608
7609
7610
7612
7613
7614
7617
7618
7620
7621
7622
7624
7627
7630
7631
7632
7633
7634
7636
7637
7638
7640
7643
7645
7647
7648
7651
7652
7653
7659
7660
7661
7663
7664
7666
7667
7672
7673
7674
7675
7682
7684
7685
7687
7689
7690
7692
7693
7695
7697
7699
7700
7705
7706
7707
7711
7714
7715
7717
7720
7724
7729
7730
7731
7738
7742
7743
7744
7745
7746
7747
7749
7753
7754
7757
7759
7761
7762
7763
7764
7766
7767
7768
7770
7772
7774
7776
7778
7779
7780
7781
7784
7785
7788
7790
7791
7792
7794
7795
7796
7799
7802
7805
7806
7810
7814
7815
7817
7818
7819
7820
7821
7822
7824
7827
7828
7829
7831
7832
7835
7836
7837
7838
7841
7844
7845
7847
7849
7850
7852
7853
7854
7856
7858
7859
7863
7865
7871
7873
7874
7876
7879
7880
7882
7883
7886
7887
7889
7893
7897
7898
7905
7908
7909
7911
7913
7914
7917
7918
7921
7922
7923
7925
7927
7928
7931
7932
7933
7934
7937
7938
7939
7940
7941
7943
7944
7945
7946
7947
7948
7949
7950
7952
7955
7962
7963
7964
7967
7968
7969
7970
7971
7972
7974
7976
7977
7980
7981
7982
7987
7988
7990
7991
7993
7994
7996
7998
7999
8000
8001
8004
8006
8007
8009
8012
8013
8014
8017
8018
8020
8021
8022
8025
8027
8028
8029
8031
8032
8033
8034
8037
8038
8039
8040
8043
8047
8053
8055
8056
8058
8059
8061
8062
8063
8066
8067
8069
8071
8072
8073
8074
8075
8077
8079
8080
8081
8082
8083
8087
8089
8090
8091
8093
8097
8098
8100
8101
8103
8104
8106
8107
8109
8111
8114
8115
8117
8118
8121
8122
8123
8124
8128
8129
8130
8131
8135
8136
8137
8138
8141
8142
8148
8151
8155
8159
8163
8164
8165
8168
8170
8171
8172
8173
8174
8175
8177
8179
8180
8181
8183
8184
8185
8187
8189
8190
8191
8192
8193
8195
8196
8198
8199
8203
8204
8206
8207
8208
8209
8213
8215
8216
8217
8218
8219
8220
8221
8222
8223
8225
8226
8229
8230
8231
8233
8235
8236
8240
8241
8243
8244
8245
8248
8249
8251
8253
8258
8259
8260
8263
8265
8266
8267
8268
8269
8270
8271
8275
8276
8277
8278
8279
8282
8287
8288
8291
8292
8293
8297
8299
8300
8301
8302
8304
8306
8307
8308
8310
8312
8314
8315
8316
8317
8320
8321
8322
8323
8325
8329
8330
8332
8334
8335
8337
8339
8340
8342
8343
8344
8345
8348
8353
8355
8357
8358
8359
8362
8364
8365
8368
8371
8372
8373
8374
8375
8376
8377
8378
8380
8381
8382
8383
8384
8387
8388
8390
8394
8395
8396
8397
8398
8399
8400
8401
8402
8404
8406
8408
8409
8411
8412
8414
8415
8418
8419
8420
8422
8423
8424
8427
8428
8430
8431
8432
8433
8435
8437
8438
8440
8441
8442
8444
8447
8451
8452
8453
8454
8455
8456
8458
8460
8462
8463
8464
8466
8467
8468
8469
8471
8472
8476
8480
8483
8484
8487
8488
8490
8492
8493
8498
8499
8500
8502
8503
8504
8506
8508
8509
8510
8512
8513
8514
8517
8518
8523
8524
8526
8529
8530
8531
8533
8534
8535
8536
8538
8540
8541
8542
8543
8544
8546
8548
8550
8551
8552
8554
8555
8556
8561
8562
8563
8564
8565
8566
8567
8571
8572
8573
8576
8579
8580
8582
8583
8584
8585
8586
8588
8589
8591
8592
8593
8598
8602
8604
8606
8607
8609
8610
8612
8614
8615
8616
8617
8618
8620
8621
8622
8623
8624
8625
8626
8627
8629
8630
8631
8633
8635
8636
8637
8639
8641
8642
8643
8645
8647
8648
8649
8653
8654
8655
8656
8657
8658
8661
8662
8663
8664
8668
8669
8670
8671
8672
8674
8675
8676
8677
8678
8679
8680
8681
8683
8684
8686
8688
8689
8690
8691
8695
8698
8700
8701
8702
8703
8704
8708
8710
8711
8713
8714
8716
8717
8718
8719
8722
8725
8726
8727
8728
8729
8730
8731
8732
8733
8735
8737
8738
8740
8741
8743
8744
8745
8748
8749
8750
8751
8752
8753
8755
8756
8758
8763
8764
8765
8766
8767
8769
8770
8771
8774
8778
8780
8785
8786
8787
8788
8789
8790
8791
8794
8795
8796
8797
8801
8803
8804
8805
8806
8808
8810
8811
8812
8813
8814
8818
8820
8821
8823
8826
8830
8831
8832
8835
8837
8838
8840
8844
8845
8848
8850
8851
8852
8854
8856
8858
8859
8862
8863
8864
8865
8868
8869
8870
8871
8872
8874
8875
8877
8878
8880
8881
8882
8883
8885
8886
8887
8891
8892
8894
8895
8899
8902
8903
8904
8905
8906
8907
8910
8912
8913
8915
8917
8918
8919
8920
8922
8924
8925
8926
8928
8929
8931
8935
8936
8938
8939
8940
8941
8943
8946
8947
8950
8952
8953
8954
8956
8958
8959
8960
8962
8965
8967
8968
8970
8971
8972
8973
8974
8975
8976
8978
8980
8981
8983
8984
8985
8987
8988
8990
8991
8992
8993
8998
9003
9004
9008
9010
9011
9012
9013
9014
9015
9016
9019
9021
9023
9024
9029
9032
9034
9036
9037
9039
9040
9042
9045
9047
9049
9050
9051
9052
9056
9058
9059
9060
9061
9062
9063
9064
9066
9068
9069
9070
9075
9076
9077
9078
9080
9081
9085
9088
9089
9090
9092
9096
9101
9102
9103
9105
9106
9107
9110
9111
9112
9113
9114
9115
9117
9118
9120
9121
9122
9124
9126
9127
9130
9131
9132
9133
9134
9135
9136
9137
9140
9141
9142
9143
9146
9147
9151
9152
9153
9157
9160
9162
9163
9165
9166
9167
9168
9169
9171
9178
9179
9180
9183
9184
9187
9188
9190
9191
9193
9194
9195
9196
9198
9199
9200
9201
9203
9204
9205
9206
9208
9210
9211
9213
9214
9215
9216
9217
9219
9223
9224
9226
9228
9229
9231
9232
9233
9235
9237
9239
9242
9244
9245
9246
9247
9248
9249
9252
9253
9255
9256
9257
9258
9260
9262
9263
9264
9265
9266
9269
9270
9274
9275
9279
9280
9283
9285
9286
9287
9288
9291
9293
9295
9296
9301
9302
9303
9305
9308
9309
9311
9312
9316
9319
9321
9322
9323
9327
9329
9331
9337
9338
9339
9340
9341
9342
9344
9346
9350
9351
9353
9354
9355
9356
9361
9362
9363
9364
9367
9370
9371
9374
9376
9377
9382
9383
9385
9387
9388
