1
3
4
9
10
12
13
14
16
17
18
19
20
23
25
26
27
28
29
30
32
37
38
39
41
42
45
47
48
50
54
55
56
57
58
62
63
64
65
66
67
68
71
72
74
75
76
77
80
81
82
83
86
87
88
91
92
93
94
95
97
101
104
105
106
107
108
109
110
111
112
116
117
120
121
122
123
125
126
128
131
132
134
135
136
137
139
141
143
145
149
150
151
152
153
154
158
160
161
162
163
168
169
170
173
174
175
176
177
178
179
180
181
182
183
184
185
188
189
190
191
192
193
195
197
198
199
203
205
209
210
211
212
213
214
215
217
218
221
223
227
228
229
231
232
236
238
242
243
245
246
248
250
251
252
253
254
255
256
258
259
260
261
264
265
268
269
270
272
273
274
275
276
280
281
282
283
286
289
290
293
295
297
299
300
301
302
306
307
308
309
311
312
313
314
318
319
320
321
323
324
325
327
328
329
331
332
333
334
336
337
339
340
342
343
344
345
346
347
348
349
350
351
352
354
355
356
357
358
359
360
361
364
366
367
368
373
374
375
376
377
378
379
381
384
385
387
388
391
392
395
398
400
401
403
404
406
407
408
409
414
416
417
418
421
422
424
426
427
428
433
434
437
438
442
445
446
447
448
449
450
451
452
454
456
458
459
461
462
463
464
467
468
469
470
471
472
473
474
475
477
478
479
480
481
482
486
487
488
491
493
494
496
499
500
501
503
504
505
506
507
508
509
510
516
517
518
519
520
522
526
527
528
531
532
533
534
537
540
541
542
549
550
551
552
553
555
556
557
558
559
560
561
563
564
565
567
568
572
574
575
577
580
581
582
583
584
585
587
588
591
593
594
597
598
600
601
603
604
607
610
613
615
616
617
618
619
621
622
623
624
628
631
632
633
635
636
638
640
641
642
646
648
649
651
652
653
654
656
658
659
663
664
668
669
670
671
672
673
674
676
678
679
680
683
684
685
687
689
690
691
692
693
694
695
696
697
700
702
704
705
706
707
708
709
710
712
713
715
716
717
720
721
724
726
729
730
733
735
737
739
740
741
742
743
744
745
746
747
748
749
750
752
753
754
755
756
757
758
759
760
761
762
764
768
769
770
771
772
773
774
775
778
780
782
786
787
789
791
794
795
796
797
798
799
800
802
804
805
806
810
811
813
814
816
817
818
819
821
822
823
824
825
826
827
829
831
833
834
835
836
837
838
840
842
843
844
845
846
847
848
850
851
853
854
856
857
858
859
860
861
862
863
864
865
866
867
868
869
870
871
872
873
875
876
878
881
882
883
885
886
887
888
890
891
892
894
896
897
898
899
900
901
903
905
906
907
908
909
912
913
914
915
916
917
918
923
925
928
929
931
934
935
936
937
939
940
941
942
944
945
949
950
953
954
956
957
958
959
961
962
964
967
968
969
971
972
975
978
980
981
983
984
990
992
994
995
996
997
1000
1002
1005
1007
1009
1010
1011
1015
1016
1017
1019
1020
1021
1023
1024
1025
1026
1028
1029
1030
1032
1033
1036
1037
1040
1043
1044
1045
1046
1048
1049
1054
1057
1059
1060
1061
1063
1064
1065
1066
1068
1069
1070
1071
1072
1073
1074
1075
1076
1077
1078
1079
1080
1081
1082
1083
1085
1086
1089
1090
1093
1095
1098
1100
1101
1103
1104
1108
1109
1113
1114
1115
1117
1119
1120
1123
1125
1126
1128
1129
1132
1133
1134
1135
1136
1137
1139
1142
1143
1144
1145
1149
1150
1151
1152
1153
1154
1155
1156
1157
1159
1160
1161
1162
1163
1165
1166
1167
1171
1173
1174
1176
1178
1180
1181
1182
1184
1185
1186
1187
1188
1190
1191
1193
1194
1195
1196
1199
1200
1202
1206
1207
1208
1209
1210
1211
1212
1215
1216
1217
1218
1219
1221
1223
1224
1225
1227
1228
1229
1230
1231
1233
1234
1236
1237
1239
1247
1249
1250
1251
1259
1260
1261
1262
1263
1265
1266
1267
1268
1270
1271
1272
1273
1274
1277
1278
1279
1282
1283
1284
1286
1288
1289
1292
1295
1296
1299
1301
1302
1303
1304
1305
1306
1309
1310
1312
1313
1314
1316
1318
1321
1322
1323
1325
1327
1329
1331
1332
1333
1336
1337
1339
1340
1341
1343
1344
1347
1348
1349
1350
1351
1355
1356
1359
1362
1365
1366
1368
1369
1370
1373
1378
1380
1381
1382
1383
1385
1386
1387
1388
1391
1393
1394
1396
1397
1400
1401
1402
1403
1404
1407
1408
1410
1412
1415
1416
1419
1420
1421
1422
1425
1426
1427
1428
1429
1430
1435
1436
1438
1442
1443
1445
1446
1447
1448
1449
1450
1452
1453
1455
1457
1459
1460
1461
1463
1466
1467
1469
1470
1471
1472
1473
1474
1475
1476
1479
1480
1482
1483
1485
1488
1490
1492
1494
1497
1498
1500
1501
1502
1503
1504
1505
1506
1507
1508
1511
1512
1513
1514
1515
1516
1518
1522
1526
1527
1529
1530
1531
1532
1535
1536
1537
1542
1543
1544
1546
1547
1548
1549
1550
1551
1552
1554
1555
1557
1559
1560
1562
1564
1566
1567
1568
1570
1572
1573
1574
1576
1578
1579
1580
1581
1584
1586
1587
1588
1590
1591
1593
1594
1596
1597
1598
1599
1600
1601
1602
1603
1604
1605
1606
1607
1608
1610
1611
1614
1616
1618
1621
1622
1624
1625
1627
1628
1629
1630
1631
1632
1633
1635
1636
1637
1639
1640
1641
1644
1646
1647
1648
1649
1650
1652
1653
1655
1656
1658
1659
1660
1661
1662
1663
1665
1666
1668
1677
1680
1681
1683
1684
1686
1687
1691
1693
1694
1698
1700
1702
1703
1704
1705
1706
1707
1708
1709
1710
1711
1713
1714
1715
1716
1717
1718
1720
1721
1722
1723
1724
1728
1729
1730
1732
1734
1735
1736
1737
1738
1739
1740
1741
1743
1744
1745
1747
1750
1752
1753
1755
1756
1757
1759
1760
1763
1765
1767
1768
1773
1775
1777
1779
1780
1781
1782
1784
1787
1788
1789
1790
1791
1792
1793
1794
1795
1796
1797
1798
1801
1804
1805
1806
1807
1816
1818
1819
1820
1821
1822
1823
1825
1826
1827
1828
1829
1832
1834
1835
1836
1837
1838
1839
1840
1841
1842
1843
1844
1845
1846
1849
1850
1851
1852
1853
1855
1857
1858
1859
1860
1861
1864
1865
1866
1867
1870
1871
1872
1875
1876
1877
1879
1880
1882
1883
1885
1887
1891
1892
1894
1896
1897
1898
1901
1904
1905
1906
1907
1909
1910
1911
1912
1913
1914
1915
1918
1919
1920
1921
1922
1923
1924
1926
1928
1929
1930
1931
1933
1935
1937
1938
1939
1942
1943
1944
1946
1948
1950
1951
1953
1954
1955
1956
1957
1960
1961
1962
1964
1965
1967
1968
1969
1970
1971
1972
1975
1976
1977
1978
1980
1983
1985
1987
1988
1989
1992
1993
1994
1997
1998
2000
2002
2003
2004
2005
2006
2007
2010
2011
2012
2014
2017
2019
2020
2021
2023
2024
2026
2027
2028
2029
2031
2032
2033
2035
2036
2038
2041
2044
2045
2047
2048
2050
2051
2053
2055
2056
2057
2058
2060
2061
2062
2063
2065
2066
2068
2069
2072
2073
2074
2075
2078
2080
2083
2084
2087
2088
2093
2097
2098
2100
2101
2103
2104
2105
2106
2107
2109
2110
2112
2113
2114
2115
2116
2117
2118
2119
2121
2125
2127
2128
2132
2133
2134
2135
2136
2137
2139
2140
2141
2144
2145
2146
2152
2153
2154
2155
2157
2160
2161
2164
2165
2166
2167
2168
2169
2172
2173
2175
2176
2178
2179
2180
2181
2184
2188
2192
2193
2198
2200
2202
2203
2205
2206
2207
2209
2211
2212
2215
2216
2218
2219
2220
2222
2223
2224
2225
2226
2229
2230
2231
2234
2236
2237
2238
2239
2240
2241
2245
2248
2249
2251
2252
2253
2255
2256
2258
2259
2260
2261
2262
2265
2267
2268
2269
2270
2271
2275
2276
2277
2278
2280
2281
2283
2284
2285
2289
2290
2291
2293
2296
2297
2300
2301
2303
2304
2305
2306
2309
2314
2316
2317
2318
2323
2325
2326
2327
2329
2331
2333
2334
2338
2340
2341
2342
2343
2346
2347
2348
2349
2350
2351
2354
2355
2356
2358
2359
2361
2362
2363
2365
2366
2368
2369
2373
2374
2376
2378
2379
2381
2382
2383
2384
2385
2386
2387
2388
2389
2390
2391
2397
2401
2402
2404
2405
2407
2409
2411
2412
2413
2415
2417
2418
2420
2421
2422
2423
2424
2425
2426
2428
2429
2431
2432
2434
2435
2437
2438
2440
2442
2444
2445
2446
2447
2448
2451
2452
2455
2456
2457
2459
2460
2461
2462
2463
2465
2466
2467
2468
2469
2470
2472
2473
2474
2476
2478
2480
2481
2482
2483
2485
2486
2487
2488
2491
2492
2494
2497
2500
2501
2503
2504
2505
2507
2508
2510
2512
2513
2514
2515
2518
2519
2520
2522
2525
2529
2530
2531
2533
2536
2537
2538
2539
2542
2544
2545
2546
2547
2548
2549
2550
2553
2554
2555
2557
2558
2559
2560
2561
2562
2564
2566
2570
2571
2572
2573
2574
2576
2578
2579
2581
2583
2584
2586
2587
2589
2590
2591
2592
2593
2595
2597
2598
2599
2600
2601
2602
2603
2604
2605
2606
2607
2610
2611
2612
2616
2618
2619
2621
2622
2623
2624
2626
2627
2628
2629
2633
2634
2635
2636
2638
2639
2642
2644
2645
2646
2647
2650
2651
2652
2653
2654
2655
2656
2658
2660
2661
2662
2664
2665
2666
2667
2668
2669
2670
2676
2679
2680
2681
2683
2684
2685
2686
2687
2689
2690
2692
2693
2694
2697
2699
2701
2702
2703
2704
2706
2709
2710
2711
2712
2713
2714
2716
2717
2719
2720
2723
2725
2727
2730
2732
2734
2735
2738
2739
2741
2743
2744
2746
2747
2749
2752
2753
2754
2756
2757
2758
2759
2760
2761
2762
2764
2767
2768
2771
2773
2775
2776
2778
2780
2781
2783
2785
2787
2788
2790
2791
2792
2793
2794
2795
2796
2797
2798
2799
2800
2801
2804
2805
2806
2808
2813
2814
2815
2816
2817
2818
2819
2822
2824
2826
2828
2831
2832
2834
2836
2837
2839
2840
2842
2843
2844
2849
2850
2851
2852
2854
2855
2857
2858
2861
2862
2863
2864
2865
2867
2870
2871
2873
2874
2875
2876
2878
2879
2880
2881
2883
2885
2886
2887
2888
2891
2892
2893
2898
2899
2900
2901
2902
2904
2908
2911
2912
2914
2915
2916
2918
2920
2921
2923
2924
2925
2928
2929
2932
2933
2936
2937
2939
2940
2941
2943
2944
2945
2947
2949
2950
2951
2952
2956
2958
2960
2963
2966
2967
2968
2973
2974
2976
2977
2978
2979
2981
2983
2984
2985
2986
2988
2990
2991
2992
2993
2994
2995
2996
2997
3000
3002
3003
3004
3005
3007
3008
3009
3011
3013
3014
3015
3016
3017
3018
3021
3024
3025
3027
3028
3030
3032
3033
3034
3035
3038
3039
3040
3041
3043
3044
3047
3050
3051
3052
3054
3056
3058
3059
3061
3062
3063
3067
3068
3072
3074
3077
3080
3081
3082
3083
3084
3085
3086
3087
3088
3089
3090
3093
3096
3097
3100
3102
3109
3111
3112
3114
3115
3117
3118
3119
3120
3121
3122
3123
3124
3125
3126
3127
3128
3130
3132
3133
3134
3138
3139
3140
3144
3145
3147
3148
3156
3158
3159
3160
3161
3162
3164
3165
3166
3167
3169
3171
3173
3175
3176
3177
3179
3180
3181
3182
3185
3186
3190
3193
3195
3196
3197
3199
3200
3203
3204
3205
3206
3209
3211
3212
3214
3217
3218
3221
3224
3226
3228
3229
3230
3231
3233
3234
3238
3240
3241
3242
3243
3245
3247
3248
3249
3250
3252
3253
3254
3257
3258
3259
3263
3264
3265
3266
3267
3268
3269
3270
3272
3274
3275
3276
3277
3279
3284
3289
3293
3294
3295
3297
3298
3299
3300
3302
3303
3305
3306
3307
3308
3309
3310
3311
3312
3313
3314
3315
3318
3321
3322
3323
3324
3325
3326
3327
3329
3330
3332
3335
3337
3338
3339
3340
3341
3342
3343
3344
3345
3346
3350
3351
3352
3353
3356
3357
3359
3360
3361
3363
3364
3366
3368
3369
3370
3372
3375
3376
3378
3381
3385
3386
3387
3388
3389
3393
3396
3397
3399
3401
3404
3405
3408
3411
3412
3413
3415
3416
3417
3418
3419
3420
3422
3423
3424
3425
3429
3431
3432
3433
3434
3435
3436
3437
3439
3440
3443
3445
3446
3447
3448
3449
3450
3452
3453
3455
3457
3458
3460
3461
3462
3463
3464
3466
3469
3473
3475
3476
3477
3478
3479
3480
3482
3483
3486
3488
3489
3490
3491
3493
3494
3496
3497
3498
3501
3502
3504
3505
3507
3508
3509
3511
3512
3513
3515
3516
3517
3518
3521
3522
3523
3525
3526
3527
3528
3529
3530
3531
3532
3533
3534
3536
3538
3539
3542
3543
3544
3546
3547
3549
3550
3553
3555
3556
3557
3558
3559
3560
3561
3562
3564
3565
3566
3568
3569
3572
3573
3574
3575
3577
3578
3580
3582
3587
3588
3589
3592
3593
3594
3595
3597
3598
3599
3600
3602
3604
3606
3607
3608
3610
3611
3612
3618
3621
3622
3624
3625
3626
3629
3631
3632
3634
3635
3636
3638
3639
3640
3641
3643
3644
3646
3649
3652
3659
3660
3661
3662
3663
3664
3665
3666
3667
3669
3670
3671
3673
3674
3676
3677
3678
3679
3680
3682
3683
3685
3687
3688
3689
3695
3696
3697
3699
3701
3704
3705
3706
3708
3709
3711
3718
3719
3720
3721
3722
3723
3725
3726
3728
3729
3731
3733
3734
3736
3737
3738
3741
3747
3748
3749
3750
3751
3752
3753
3754
3755
3756
3757
3758
3760
3761
3763
3765
3770
3771
3774
3776
3777
3781
3782
3783
3784
3786
3787
3789
3790
3792
3799
3800
3801
3803
3804
3805
3807
3809
3811
3814
3815
3816
3820
3822
3823
3824
3825
3827
3828
3830
3831
3833
3834
3835
3837
3839
3840
3842
3844
3846
3848
3849
3850
3851
3852
3854
3855
3856
3858
3860
3861
3864
3865
3867
3868
3869
3872
3875
3878
3879
3887
3888
3890
3891
3892
3893
3894
3895
3896
3898
3899
3900
3902
3903
3904
3905
3907
3909
3910
3911
3912
3913
3914
3915
3916
3918
3919
3921
3924
3925
3926
3927
3928
3929
3930
3932
3933
3934
3935
3937
3938
3939
3940
3941
3942
3943
3944
3945
3946
3947
3951
3953
3955
3956
3958
3960
3961
3962
3964
3965
3969
3970
3971
3972
3974
3975
3976
3977
3978
3979
3980
3981
3982
3983
3984
3985
3986
3987
3988
3989
3990
3992
3994
3996
3997
3998
4000
4002
4004
4005
4007
4010
4011
4012
4014
4015
4016
4018
4021
4022
4023
4024
4026
4029
4030
4031
4032
4033
4034
4035
4036
4037
4040
4041
4043
4044
4045
4046
4048
4049
4050
4051
4052
4053
4057
4060
4061
4062
4063
4065
4067
4068
4069
4072
4073
4076
4078
4080
4081
4082
4083
4084
4085
4086
4087
4088
4089
4090
4093
4095
4096
4097
4098
4102
4105
4108
4109
4110
4111
4114
4118
4119
4121
4122
4125
4126
4127
4128
4129
4130
4131
4132
4133
4134
4136
4137
4138
4139
4142
4145
4146
4147
4148
4150
4151
4152
4154
4155
4156
4159
4160
4161
4163
4164
4166
4167
4168
4171
4172
4177
4178
4182
4183
4184
4185
4186
4189
4191
4194
4195
4196
4202
4203
4204
4205
4206
4207
4209
4210
4213
4214
4215
4217
4218
4219
4220
4221
4222
4223
4225
4226
4227
4228
4230
4232
4234
4237
4240
4241
4242
4243
4245
4247
4249
4252
4253
4254
4256
4257
4263
4266
4268
4269
4271
4273
4274
4277
4278
4279
4283
4284
4285
4287
4290
4292
4293
4294
4296
4297
4299
4300
4301
4303
4305
4306
4307
4309
4310
4311
4313
4314
4315
4316
4317
4318
4319
4320
4321
4322
4323
4325
4327
4328
4329
4331
4333
4335
4338
4339
4340
4342
4344
4347
4350
4351
4352
4354
4355
4356
4357
4358
4359
4360
4361
4364
4365
4367
4368
4370
4372
4373
4375
4377
4378
4379
4380
4382
4384
4386
4388
4389
4390
4391
4392
4393
4394
4395
4396
4397
4398
4400
4401
4403
4405
4406
4407
4408
4409
4410
4411
4412
4413
4414
4415
4416
4418
4419
4420
4421
4423
4424
4425
4426
4427
4430
4431
4432
4437
4440
4441
4442
4443
4449
4450
4457
4459
4462
4465
4468
4472
4473
4475
4476
4477
4478
4480
4481
4482
4484
4485
4487
4488
4489
4490
4492
4493
4496
4499
4500
4501
4502
4503
4504
4505
4506
4508
4509
4510
4511
4513
4514
4515
4516
4517
4518
4519
4520
4525
4526
4527
4528
4533
4535
4536
4539
4540
4542
4543
4544
4545
4546
4547
4548
4549
4550
4552
4553
4557
4558
4559
4560
4561
4562
4563
4564
4567
4569
4570
4571
4572
4573
4574
4576
4578
4580
4582
4583
4585
4586
4588
4590
4591
4592
4593
4596
4597
4598
4600
4601
4603
4606
4608
4612
4614
4615
4616
4617
4618
4620
4621
4625
4626
4627
4628
4630
4634
4639
4640
4641
4642
4643
4651
4653
4654
4655
4656
4657
4658
4659
4661
4662
4666
4669
4671
4672
4673
4674
4676
4679
4681
4684
4685
4687
4689
4691
4692
4693
4695
4696
4697
4698
4699
4702
4703
4708
4709
4710
4711
4712
4713
4715
4716
4717
4718
4724
4725
4726
4728
4730
4731
4733
4734
4735
4737
4738
4739
4741
4743
4744
4746
4747
4748
4749
4752
4753
4754
4755
4756
4761
4762
4763
4768
4769
4770
4771
4776
4779
4780
4781
4782
4783
4784
4785
4786
4788
4789
4790
4794
4796
4797
4800
4801
4802
4803
4809
4811
4813
4814
4815
4817
4818
4819
4820
4821
4823
4824
4827
4829
4833
4834
4835
4837
4840
4841
4842
4843
4844
4845
4846
4847
4849
4850
4852
4853
4855
4856
4857
4859
4861
4864
4866
4867
4869
4871
4872
4873
4874
4876
4877
4878
4879
4883
4884
4887
4888
4889
4892
4896
4900
4902
4903
4904
4906
4907
4908
4909
4910
4911
4912
4913
4914
4916
4918
4919
4920
4921
4926
4927
4928
4929
4930
4931
4932
4933
4935
4936
4938
4939
4940
4942
4943
4945
4946
4947
4951
4952
4953
4954
4957
4959
4960
4961
4962
4963
4965
4968
4969
4970
4971
4972
4975
4976
4977
4979
4981
4982
4983
4985
4986
4988
4989
4990
4992
4993
4994
4997
4998
4999
5000
5002
5005
5006
5008
5011
5013
5014
5016
5017
5018
5019
5020
5022
5024
5025
5030
5031
5033
5035
5036
5037
5038
5039
5040
5041
5042
5043
5045
5046
5047
5049
5050
5051
5052
5054
5055
5056
5058
5060
5061
5062
5063
5064
5065
5066
5067
5068
5070
5071
5074
5077
5079
5080
5081
5082
5083
5086
5087
5088
5089
5091
5092
5093
5094
5095
5096
5097
5100
5101
5103
5106
5107
5108
5109
5110
5113
5114
5115
5117
5118
5120
5121
5122
5123
5125
5126
5130
5134
5136
5137
5140
5141
5142
5144
5145
5146
5147
5149
5150
5151
5152
5154
5155
5156
5157
5158
5161
5163
5164
5165
5168
5170
5171
5172
5177
5178
5180
5181
5182
5183
5189
5190
5191
5192
5193
5194
5195
5196
5197
5199
5200
5201
5204
5206
5207
5208
5209
5212
5213
5215
5217
5219
5220
5221
5222
5223
5224
5226
5227
5229
5231
5232
5234
5235
5236
5240
5243
5244
5246
5247
5252
5253
5255
5256
5259
5260
5263
5265
5267
5273
5274
5277
5278
5280
5283
5284
5285
5287
5290
5291
5292
5293
5294
5295
5296
5298
5299
5300
5301
5303
5304
5306
5308
5312
5314
5315
5316
5317
5320
5325
5326
5327
5328
5329
5330
5331
5332
5333
5337
5338
5340
5341
5342
5344
5345
5346
5347
5349
5350
5352
5357
5360
5364
5365
5366
5368
5370
5371
5373
5374
5375
5376
5377
5378
5380
5381
5382
5383
5384
5386
5388
5389
5390
5391
5392
5393
5395
5396
5397
5398
5400
5402
5403
5404
5405
5406
5407
5409
5410
5411
5412
5414
5417
5418
5419
5420
5421
5422
5423
5424
5427
5429
5430
5431
5432
5433
5434
5436
5437
5438
5439
5440
5441
5443
5444
5447
5452
5454
5456
5457
5458
5460
5461
5462
5464
5465
5467
5469
5472
5473
5475
5478
5479
5480
5483
5484
5485
5486
5487
5488
5490
5491
5492
5493
5494
5495
5496
5497
5501
5502
5503
5504
5505
5506
5507
5511
5516
5517
5518
5519
5520
5524
5525
5526
5527
5529
5531
5533
5535
5536
5537
5538
5539
5540
5542
5549
5550
5551
5552
5556
5557
5559
5560
5563
5564
5565
5566
5567
5568
5569
5570
5571
5572
5573
5574
5575
5580
5581
5582
5583
5584
5585
5587
5588
5589
5590
5591
5594
5595
5596
5598
5599
5600
5601
5603
5604
5608
5612
5613
5614
5616
5617
5618
5619
5620
5622
5624
5625
5627
5630
5631
5633
5634
5636
5637
5640
5642
5643
5644
5645
5648
5649
5651
5652
5653
5655
5657
5658
5659
5663
5667
5668
5669
5670
5674
5676
5677
5678
5679
5680
5681
5684
5688
5690
5692
5696
5698
5699
5700
5701
5702
5703
5706
5707
5708
5709
5710
5711
5712
5713
5714
5715
5717
5718
5719
5720
5722
5723
5724
5725
5727
5728
5729
5730
5732
5733
5734
5735
5737
5739
5740
5742
5743
5745
5746
5748
5752
5753
5755
5756
5757
5759
5761
5763
5767
5768
5769
5772
5778
5779
5780
5781
5783
5784
5785
5786
5789
5791
5792
5793
5795
5796
5798
5799
5800
5801
5802
5805
5806
5807
5810
5811
5815
5816
5817
5818
5819
5820
5821
5824
5825
5827
5828
5829
5830
5833
5834
5835
5837
5839
5840
5841
5842
5843
5846
5848
5850
5851
5852
5853
5856
5857
5859
5860
5862
5863
5866
5867
5868
5869
5870
5871
5873
5874
5875
5876
5877
5878
5879
5880
5881
5883
5886
5887
5888
5889
5890
5892
5894
5895
5897
5898
5899
5902
5903
5904
5905
5906
5907
5908
5910
5912
5913
5914
5916
5918
5919
5920
5921
5922
5925
5927
5930
5931
5933
5934
5935
5936
5937
5939
5940
5942
5944
5945
5946
5947
5950
5951
5953
5954
5955
5957
5958
5960
5961
5963
5965
5966
5967
5968
5969
5970
5971
5972
5973
5977
5978
5979
5980
5981
5985
5986
5988
5989
5990
5991
5992
5993
5994
5995
5996
5998
5999
6001
6002
6003
6009
6010
6012
6015
6019
6020
6024
6026
6027
6029
6032
6035
6036
6037
6038
6040
6043
6046
6047
6048
6049
6051
6052
6053
6054
6055
6057
6058
6059
6061
6062
6063
6064
6066
6067
6068
6069
6071
6072
6073
6074
6075
6078
6080
6081
6083
6087
6089
6090
6093
6096
6097
6098
6099
6100
6101
6102
6103
6104
6108
6110
6111
6112
6113
6114
6115
6116
6118
6119
6120
6122
6123
6124
6129
6130
6131
6132
6137
6138
6140
6141
6142
6143
6148
6150
6151
6153
6154
6155
6156
6157
6159
6160
6161
6162
6166
6167
6168
6169
6170
6172
6174
6178
6180
6181
6182
6186
6187
6190
6191
6192
6193
6194
6196
6197
6198
6199
6200
6201
6202
6203
6205
6206
6207
6208
6209
6210
6212
6213
6214
6217
6218
6220
6222
6224
6225
6227
6229
6230
6231
6232
6233
6234
6235
6239
6240
6241
6242
6244
6247
6248
6251
6253
6255
6256
6257
6258
6261
6262
6265
6266
6267
6268
6270
6273
6275
6277
6280
6281
6282
6283
6284
6287
6288
6289
6291
6292
6294
6295
6297
6298
6301
6302
6304
6305
6306
6307
6309
6310
6311
6313
6316
6317
6320
6323
6325
6326
6327
6328
6329
6332
6333
6334
6338
6339
6341
6342
6343
6344
6345
6348
6350
6351
6352
6353
6354
6356
6357
6358
6359
6360
6361
6362
6363
6364
6365
6366
6368
6374
6376
6377
6378
6382
6383
6384
6385
6386
6387
6388
6390
6391
6395
6396
6397
6398
6401
6402
6403
6405
6407
6408
6410
6411
6412
6414
6415
6416
6419
6420
6422
6424
6428
6430
6431
6434
6436
6437
6438
6439
6440
6441
6443
6445
6446
6448
6450
6451
6452
6454
6455
6457
6459
6460
6462
6463
6464
6465
6466
6470
6471
6472
6474
6477
6481
6482
6483
6484
6485
6486
6487
6488
6493
6494
6496
6498
6500
6501
6502
6503
6504
6506
6507
6509
6512
6515
6516
6517
6518
6519
6521
6522
6524
6526
6528
6529
6530
6533
6538
6539
6540
6542
6544
6545
6547
6548
6549
6550
6551
6552
6553
6554
6555
6556
6560
6561
6562
6563
6564
6566
6569
6571
6572
6574
6575
6577
6578
6579
6580
6581
6582
6583
6584
6587
6588
6591
6592
6593
6594
6595
6596
6598
6599
6600
6601
6602
6603
6604
6605
6607
6610
6611
6612
6613
6615
6616
6619
6620
6621
6622
6628
6630
6631
6632
6634
6639
6640
6642
6643
6646
6647
6648
6649
6650
6651
6652
6654
6656
6657
6658
6661
6662
6663
6664
6666
6667
6668
6669
6670
6671
6672
6673
6674
6675
6676
6677
6678
6679
6680
6681
6683
6684
6685
6686
6687
6689
6691
6692
6693
6695
6696
6699
6700
6701
6703
6705
6706
6710
6711
6715
6716
6717
6719
6721
6722
6723
6724
6725
6726
6727
6729
6730
6731
6732
6733
6735
6736
6737
6742
6744
6745
6746
6748
6749
6753
6760
6761
6762
6763
6764
6766
6767
6769
6770
6771
6772
6773
6775
6776
6777
6778
6780
6781
6782
6785
6786
6787
6788
6790
6791
6792
6793
6794
6797
6798
6800
6801
6802
6804
6806
6808
6809
6810
6812
6813
6814
6815
6816
6818
6822
6824
6825
6827
6828
6829
6830
6831
6832
6833
6834
6837
6839
6840
6841
6842
6844
6846
6847
6849
6850
6852
6853
6854
6856
6858
6859
6862
6865
6866
6869
6872
6873
6874
6875
6877
6878
6879
6880
6881
6882
6884
6886
6887
6888
6889
6890
6891
6893
6895
6896
6898
6901
6903
6905
6906
6908
6909
6910
6911
6912
6913
6914
6915
6916
6917
6918
6921
6922
6924
6925
6926
6927
6928
6930
6931
6932
6934
6937
6939
6940
6942
6943
6948
6952
6953
6955
6957
6959
6961
6962
6965
6969
6970
6972
6973
6974
6976
6977
6978
6980
6981
6982
6984
6985
6986
6987
6988
6990
6991
6992
6994
6996
6997
6999
7003
7004
7005
7008
7009
7010
7011
7012
7013
7015
7016
7017
7019
7020
7021
7022
7023
7024
7025
7029
7030
7032
7033
7034
7035
7037
7039
7041
7042
7043
7044
7045
7046
7047
7048
7049
7050
7052
7054
7056
7058
7059
7060
7061
7063
7065
7067
7069
7077
7081
7082
7083
7084
7085
7088
7091
7094
7096
7097
7098
7099
7100
7103
7104
7106
7107
7109
7110
7111
7112
7113
7114
7115
7119
7122
7124
7126
7127
7129
7130
7131
7132
7134
7135
7136
7137
7138
7139
7142
7143
7144
7145
7146
7149
7150
7151
7152
7153
7154
7155
7156
7157
7158
7159
7160
7162
7164
7166
7167
7169
7170
7171
7172
7176
7178
7179
7182
7183
7184
7186
7188
7189
7191
7192
7193
7196
7197
7198
7200
7201
7202
7203
7204
7205
7208
7213
7214
7215
7216
7221
7223
7224
7228
7230
7231
7233
7234
7235
7236
7237
7238
7239
7240
7241
7242
7243
7244
7246
7247
7249
7251
7253
7254
7255
7256
7258
7259
7263
7264
7266
7268
7270
7271
7272
7273
7274
7276
7278
7279
7280
7281
7282
7284
7285
7286
7287
7291
7293
7295
7296
7297
7300
7301
7302
7304
7308
7311
7312
7313
7314
7316
7317
7319
7320
7321
7323
7324
7326
7327
7328
7331
7333
7336
7337
7339
7340
7341
7342
7343
7344
7347
7351
7352
7355
7357
7359
7361
7362
7363
7366
7369
7371
7372
7375
7377
7378
7379
7381
7382
7383
7387
7389
7390
7392
7393
7394
7397
7398
7399
7401
7403
7404
7405
7408
7410
7411
7414
7415
7416
7418
7420
7421
7423
7424
7425
7426
7430
7432
7434
7435
7436
7437
7438
7440
7441
7442
7444
7445
7449
7451
7452
7453
7454
7455
7460
7461
7462
7463
7464
7465
7466
7468
7471
7472
7473
7474
7476
7477
7478
7479
7481
7484
7485
7486
7488
7490
7491
7494
7495
7496
7497
7498
7499
7500
7501
7502
7503
7504
7506
7507
7510
7511
7512
7513
7514
7515
7516
7517
7519
7520
7521
7523
7524
7531
7532
7534
7535
7536
7537
7538
7540
7544
7545
7546
7550
7551
7552
7554
7555
7559
7560
7566
7570
7571
7575
7577
7580
7581
7582
7583
7584
7586
7587
7588
7589
7591
7592
7594
7595
7597
7598
7599
7602
7603
7606
7607
7610
7612
7613
7614
7617
7618
7620
7621
7624
7625
7627
7628
7631
7632
7633
7634
7637
7638
7639
7640
7641
7643
7644
7647
7648
7649
7650
7651
7652
7654
7655
7658
7659
7660
7661
7663
7664
7665
7666
7668
7669
7674
7675
7676
7678
7682
7683
7685
7686
7687
7691
7694
7695
7696
7697
7699
7700
7701
7703
7704
7706
7708
7710
7712
7715
7716
7717
7718
7719
7722
7723
7724
7726
7727
7728
7729
7730
7735
7736
7737
7738
7739
7741
7745
7746
7748
7749
7751
7752
7753
7755
7757
7760
7761
7766
7767
7769
7770
7771
7773
7775
7776
7777
7781
7782
7783
7785
7786
7787
7788
7790
7793
7795
7796
7797
7802
7803
7805
7806
7809
7811
7812
7813
7814
7815
7816
7817
7818
7820
7824
7826
7829
7834
7836
7837
7838
7839
7840
7841
7842
7843
7848
7849
7850
7852
7856
7858
7859
7860
7861
7863
7866
7867
7868
7870
7872
7873
7874
7875
7876
7877
7878
7879
7880
7881
7882
7883
7884
7885
7886
7887
7888
7891
7894
7895
7897
7898
7901
7902
7904
7906
7909
7911
7912
7913
7914
7916
7917
7918
7920
7923
7924
7926
7929
7930
7932
7933
7935
7936
7939
7940
7942
7946
7947
7948
7949
7950
7951
7952
7953
7956
7959
7960
7961
7962
7963
7965
7966
7968
7971
7972
7975
7976
7978
7979
7982
7984
7985
7987
7988
7990
7992
7993
7994
7995
7996
7997
7998
8000
8001
8002
8003
8005
8006
8010
8012
8013
8014
8017
8018
8019
8021
8023
8024
8025
8027
8029
8030
8031
8032
8033
8036
8037
8038
8039
8040
8042
8044
8045
8046
8047
8048
8049
8051
8053
8055
8056
8059
8061
8062
8070
8075
8076
8077
8078
8080
8084
8086
8088
8089
8090
8092
8095
8098
8099
8101
8105
8106
8107
8114
8115
8116
8118
8119
8122
8123
8124
8125
8127
8129
8131
8133
8134
8135
8137
8138
8139
8140
8141
8142
8143
8144
8145
8146
8147
8150
8151
8152
8154
8156
8158
8159
8161
8162
8163
8164
8165
8166
8167
8169
8172
8173
8174
8175
8176
8177
8178
8179
8180
8181
8182
8183
8184
8185
8186
8188
8189
8190
8191
8192
8193
8194
8196
8197
8200
8201
8202
8203
8204
8205
8206
8209
8212
8214
8215
8216
8219
8221
8222
8223
8224
8225
8226
8227
8229
8230
8232
8233
8234
8236
8237
8238
8239
8240
8241
8243
8245
8246
8247
8248
8249
8251
8253
8254
8255
8256
8258
8259
8261
8265
8268
8270
8272
8273
8274
8275
8277
8281
8282
8284
8285
8286
8287
8288
8290
8291
8293
8294
8296
8297
8298
8299
8300
8306
8307
8311
8312
8313
8315
8316
8320
8321
8322
8324
8326
8327
8329
8330
8332
8335
8336
8339
8340
8341
8343
8344
8347
8351
8352
8353
8354
8355
8356
8357
8358
8359
8361
8363
8365
8367
8368
8369
8370
8372
8373
8374
8375
8378
8379
8381
8382
8383
8384
8386
8387
8388
8392
8393
8395
8396
8397
8398
8401
8403
8404
8405
8407
8408
8411
8412
8415
8416
8417
8419
8420
8423
8424
8426
8429
8432
8434
8435
8436
8437
8442
8445
8447
8448
8449
8450
8452
8454
8455
8456
8457
8460
8461
8462
8469
8474
8475
8476
8477
8478
8479
8480
8481
8482
8483
8485
8486
8487
8488
8489
8492
8494
8496
8497
8499
8501
8506
8507
8509
8513
8516
8517
8518
8520
8521
8524
8526
8527
8528
8529
8530
8532
8535
8536
8537
8540
8544
8546
8547
8548
8549
8550
8554
8557
8559
8562
8566
8567
8568
8569
8570
8573
8574
8575
8576
8577
8578
8581
8583
8584
8586
8588
8589
8591
8592
8593
8598
8600
8601
8603
8605
8606
8607
8608
8611
8614
8616
8619
8620
8621
8626
8627
8628
8629
8630
8632
8634
8637
8642
8644
8645
8648
8650
8651
8654
8655
8656
8658
8659
8660
8661
8663
8664
8666
8667
8670
8671
8672
8673
8676
8678
8679
8680
8681
8685
8687
8688
8690
8693
8694
8695
8697
8698
8699
8700
8701
8702
8705
8706
8708
8711
8714
8715
8717
8718
8720
8721
8722
8723
8724
8726
8727
8728
8729
8730
8731
8732
8734
8735
8736
8738
8739
8740
8741
8742
8743
8745
8746
8747
8748
8749
8751
8752
8753
8755
8757
8762
8763
8764
8765
8767
8771
8773
8774
8775
8776
8778
8780
8781
8784
8785
8786
8787
8788
8791
8792
8797
8798
8799
8800
8803
8805
8806
8807
8808
8809
8814
8816
8818
8820
8823
8825
8828
8829
8830
8832
8833
8834
8837
8838
8840
8842
8843
8844
8845
8846
8847
8848
8849
8852
8853
8855
8858
8859
8860
8863
8865
8866
8868
8870
8872
8873
8874
8875
8876
8877
8878
8879
8880
8882
8883
8890
8891
8892
8893
8894
8895
8896
8897
8898
8901
8902
8903
8904
8905
8906
8907
8908
8909
8910
8911
8914
8916
8920
8921
8922
8923
8924
8925
8926
8927
8932
8933
8934
8935
8936
8937
8938
8939
8941
8942
8943
8945
8947
8948
8950
8954
8956
8958
8960
8962
8964
8965
8969
8970
8973
8974
8975
8976
8977
8978
8980
8981
8983
8984
8986
8987
8988
8989
8990
8991
8996
8998
8999
9000
9001
9002
9003
9005
9008
9010
9011
9013
9014
9015
9017
9018
9019
9020
9021
9022
9023
9024
9025
9027
9028
9031
9032
9033
9034
9035
9036
9039
9040
9041
9042
9044
9045
9046
9048
9049
9051
9052
9053
9055
9057
9058
9061
9063
9064
9065
9067
9069
9070
9071
9074
9075
9076
9078
9079
9080
9081
9083
9086
9087
9088
9091
9092
9093
9094
9096
9097
9098
9099
9100
9101
9102
9103
9106
9107
9109
9112
9114
9115
9118
9122
9125
9127
9128
9129
9130
9131
9133
9135
9137
9138
9141
9146
9148
9149
9151
9153
9154
9155
9159
9160
9163
9168
9170
9175
9177
9180
9182
9183
9184
9185
9186
9187
9188
9190
9192
9193
9194
9195
9196
9198
9200
9201
9202
9204
9205
9206
9207
9208
9210
9212
9213
9216
9217
9220
9222
9223
9225
9226
9227
9229
9233
9234
9235
9236
9237
9239
9241
9242
9243
9246
9247
9248
9249
9250
9253
9255
9257
9258
9259
9260
9265
9266
9268
9269
9273
9276
9277
9279
9283
9284
9285
9286
9287
9288
9290
9291
9294
9296
9297
9298
9300
9302
9303
9305
9307
9309
9310
9312
9313
9314
9317
9319
9320
9321
9322
9324
9325
9326
9327
9329
9331
9332
9333
9335
9337
9338
9341
9343
9345
9346
9347
9348
9350
9351
9353
9354
9355
9356
9361
9362
9363
9364
9369
9370
9372
9374
9375
9376
9377
9379
9380
9381
9384
9386
9387
9388
