0
2
3
5
7
8
9
10
12
14
15
19
20
21
22
23
24
25
27
28
29
30
31
33
36
37
38
40
41
42
43
45
47
48
49
50
51
53
54
55
56
57
58
59
60
61
62
63
64
65
66
71
74
75
77
79
80
81
82
83
84
86
88
89
92
93
95
98
99
100
101
104
106
107
108
109
113
114
115
116
118
119
120
122
125
126
127
128
129
130
132
134
135
137
138
140
142
144
146
147
148
149
150
151
152
154
155
156
157
158
159
161
162
164
165
166
168
169
172
173
176
178
179
182
183
184
186
187
188
189
190
192
196
197
198
199
200
201
202
205
206
210
211
212
213
214
216
217
221
222
223
224
227
229
231
234
235
237
240
241
242
243
244
245
246
247
249
250
252
257
258
260
262
266
267
268
269
271
273
275
276
278
279
282
283
285
286
288
289
290
291
293
294
295
296
298
299
300
301
303
304
305
306
308
309
310
312
313
319
320
322
326
327
329
331
333
335
336
339
340
341
344
346
347
348
349
350
353
355
356
357
360
362
363
364
366
370
371
372
373
375
377
378
379
383
384
385
386
387
388
389
391
392
393
394
395
396
399
400
401
402
403
404
405
406
408
409
410
411
413
414
415
416
417
420
421
422
423
425
426
427
428
429
430
431
432
434
435
438
440
441
444
447
448
449
450
452
453
454
455
457
458
460
461
462
463
465
466
469
470
471
472
473
474
475
476
478
479
480
482
483
484
485
487
488
489
492
493
495
497
498
499
500
501
503
504
505
509
510
511
512
514
517
518
520
521
522
523
524
525
526
528
530
531
534
535
536
537
539
540
541
542
543
544
545
546
547
549
550
551
555
557
558
559
560
561
562
564
565
566
567
572
574
575
577
578
581
583
585
587
588
590
592
595
596
598
599
600
602
605
606
608
610
611
613
614
617
618
619
620
622
625
626
628
629
630
631
632
634
635
636
637
639
641
643
644
646
649
651
652
653
654
656
657
658
659
662
663
667
668
669
670
671
673
674
675
676
677
681
686
688
689
691
693
694
695
696
697
698
699
701
702
703
704
705
706
709
710
711
712
714
716
717
719
720
721
724
725
726
727
728
731
732
733
734
735
736
738
739
740
741
743
745
747
748
750
751
753
755
756
757
758
759
760
761
762
766
767
768
770
772
773
774
775
776
777
778
779
780
781
784
785
787
788
789
790
792
794
795
796
798
800
802
803
804
805
806
808
809
810
811
813
814
815
816
818
819
821
823
826
827
829
830
832
833
834
836
837
839
840
841
842
844
845
846
847
848
850
852
853
855
857
858
859
860
861
862
864
865
866
867
868
869
870
871
872
873
874
875
876
878
879
881
882
883
884
885
886
888
889
894
895
896
897
898
899
900
901
903
904
905
906
907
908
909
911
912
913
914
917
918
919
920
921
922
923
924
925
929
930
931
933
934
935
937
940
941
942
943
944
946
947
948
950
951
952
953
954
957
958
959
960
963
964
965
966
967
968
969
970
971
972
973
975
978
979
980
981
983
985
987
988
989
990
991
992
993
994
995
996
998
999
1000
1001
1003
1004
1005
1006
1008
1010
1011
1014
1015
1016
1018
1019
1021
1022
1023
1025
1027
1028
1030
1031
1032
1034
1035
1036
1038
1040
1042
1043
1044
1045
1046
1047
1049
1051
1053
1054
1055
1057
1058
1060
1061
1062
1063
1064
1066
1068
1069
1070
1071
1074
1075
1078
1079
1082
1083
1084
1085
1086
1087
1088
1089
1090
1094
1096
1098
1099
1100
1103
1105
1106
1107
1108
1109
1113
1114
1118
1119
1120
1123
1128
1129
1130
1131
1132
1133
1136
1137
1138
1139
1140
1142
1143
1144
1145
1147
1148
1149
1151
1152
1153
1154
1155
1156
1158
1160
1162
1164
1165
1166
1167
1169
1170
1171
1172
1174
1176
1177
1178
1179
1181
1182
1183
1184
1185
1186
1187
1188
1189
1192
1193
1194
1195
1196
1197
1198
1199
1200
1201
1204
1205
1206
1207
1208
1209
1210
1211
1212
1213
1214
1217
1218
1219
1220
1223
1224
1225
1226
1227
1228
1229
1232
1233
1235
1236
1237
1238
1240
1242
1243
1244
1245
1246
1248
1249
1250
1251
1252
1254
1255
1256
1257
1260
1261
1262
1263
1264
1265
1266
1270
1271
1273
1274
1275
1276
1277
1278
1280
1281
1282
1284
1285
1286
1288
1289
1290
1291
1292
1293
1294
1295
1297
1298
1299
1300
1301
1304
1307
1309
1311
1312
1314
1316
1317
1318
1321
1322
1323
1324
1326
1328
1329
1330
1332
1333
1334
1337
1338
1339
1342
1343
1346
1347
1349
1350
1351
1354
1355
1356
1358
1359
1360
1362
1364
1365
1366
1367
1368
1372
1373
1374
1375
1376
1377
1378
1379
1380
1381
1385
1388
1389
1391
1392
1393
1394
1399
1400
1401
1403
1404
1405
1407
1408
1412
1414
1415
1416
1417
1420
1423
1425
1426
1427
1430
1431
1432
1434
1435
1437
1438
1441
1442
1444
1446
1449
1451
1453
1454
1455
1456
1457
1458
1460
1461
1462
1463
1464
1466
1469
1471
1475
1477
1478
1479
1480
1483
1484
1485
1486
1487
1488
1489
1490
1491
1493
1494
1495
1497
1498
1499
1501
1506
1507
1509
1510
1511
1513
1515
1516
1517
1519
1520
1523
1526
1527
1529
1530
1531
1532
1533
1534
1535
1536
1537
1538
1540
1541
1542
1543
1544
1546
1548
1553
1554
1555
1556
1558
1559
1560
1561
1562
1563
1565
1567
1568
1570
1574
1575
1576
1578
1579
1580
1582
1583
1584
1585
1587
1588
1590
1591
1592
1594
1595
1597
1598
1599
1600
1601
1602
1604
1605
1606
1607
1608
1609
1611
1613
1614
1616
1617
1620
1621
1625
1626
1630
1631
1633
1634
1637
1639
1640
1641
1642
1643
1644
1645
1647
1648
1649
1650
1651
1653
1654
1655
1656
1657
1658
1660
1662
1663
1666
1667
1669
1670
1671
1672
1674
1675
1676
1677
1678
1679
1682
1683
1684
1686
1687
1688
1689
1693
1695
1696
1697
1699
1700
1702
1703
1704
1705
1706
1707
1709
1710
1711
1712
1713
1714
1715
1716
1717
1718
1720
1721
1722
1724
1726
1730
1731
1732
1733
1734
1735
1736
1737
1738
1739
1740
1742
1743
1744
1745
1746
1747
1749
1750
1751
1752
1753
1754
1755
1759
1760
1761
1762
1764
1765
1766
1767
1768
1771
1772
1775
1776
1777
1778
1779
1781
1782
1783
1784
1785
1786
1787
1788
1789
1791
1792
1793
1794
1795
1796
1797
1799
1801
1802
1804
1805
1807
1808
1809
1811
1812
1816
1817
1818
1820
1822
1823
1825
1827
1828
1829
1831
1832
1833
1834
1835
1839
1840
1842
1843
1845
1847
1848
1850
1851
1853
1854
1856
1857
1859
1860
1861
1863
1865
1866
1867
1868
1869
1872
1873
1875
1876
1878
1879
1880
1881
1882
1883
1886
1887
1888
1889
1891
1892
1894
1897
1898
1899
1900
1903
1905
1908
1909
1910
1911
1912
1913
1914
1915
1916
1918
1920
1921
1922
1923
1924
1925
1926
1927
1928
1930
1932
1933
1934
1935
1936
1937
1938
1939
1940
1941
1942
1943
1944
1946
1947
1948
1950
1951
1952
1955
1956
1958
1959
1962
1963
1964
1965
1970
1972
1973
1974
1975
1977
1980
1981
1982
1984
1985
1986
1988
1990
1991
1994
1996
1997
1999
2000
2001
2002
2004
2006
2007
2008
2009
2011
2012
2013
2015
2017
2019
2020
2021
2023
2024
2025
2026
2028
2029
2030
2033
2035
2036
2037
2041
2043
2048
2049
2050
2051
2053
2054
2057
2058
2059
2060
2061
2063
2065
2068
2071
2073
2075
2076
2077
2079
2080
2081
2083
2086
2088
2092
2093
2094
2100
2103
2105
2106
2108
2109
2110
2112
2113
2115
2116
2117
2119
2120
2121
2122
2123
2124
2126
2128
2129
2130
2131
2132
2133
2134
2135
2137
2138
2139
2140
2142
2143
2144
2146
2147
2148
2149
2154
2155
2156
2157
2159
2160
2161
2162
2165
2166
2167
2168
2169
2172
2175
2176
2177
2181
2182
2183
2185
2187
2188
2189
2190
2191
2192
2193
2195
2197
2201
2202
2203
2204
2205
2207
2208
2209
2210
2211
2212
2215
2217
2219
2221
2222
2226
2229
2232
2233
2234
2236
2237
2238
2239
2241
2242
2243
2245
2246
2247
2250
2251
2254
2256
2257
2258
2259
2262
2263
2265
2266
2267
2268
2269
2270
2272
2274
2275
2277
2278
2279
2280
2281
2282
2283
2284
2285
2287
2289
2291
2294
2297
2300
2301
2302
2303
2304
2305
2307
2308
2309
2312
2314
2315
2317
2318
2320
2321
2322
2324
2325
2326
2327
2328
2330
2331
2332
2334
2335
2336
2337
2339
2341
2342
2343
2344
2345
2349
2351
2352
2353
2355
2356
2360
2361
2362
2363
2364
2365
2366
2369
2371
2373
2374
2375
2377
2378
2379
2383
2384
2385
2387
2388
2390
2393
2394
2395
2396
2398
2399
2400
2401
2402
2403
2404
2405
2406
2408
2409
2410
2411
2414
2415
2417
2418
2421
2423
2425
2427
2430
2431
2432
2433
2434
2437
2438
2439
2441
2442
2447
2450
2452
2453
2455
2458
2459
2462
2463
2467
2468
2469
2470
2471
2472
2477
2480
2481
2482
2483
2484
2485
2486
2488
2489
2490
2491
2492
2493
2494
2495
2496
2497
2498
2500
2501
2504
2505
2507
2508
2512
2514
2515
2516
2517
2519
2521
2522
2523
2524
2525
2526
2528
2529
2531
2533
2535
2538
2541
2544
2545
2546
2547
2548
2549
2550
2552
2555
2556
2557
2558
2560
2561
2562
2564
2566
2567
2568
2569
2571
2572
2573
2574
2575
2576
2578
2579
2580
2581
2582
2586
2587
2588
2589
2591
2593
2595
2596
2597
2599
2601
2602
2603
2606
2608
2609
2610
2611
2612
2613
2614
2616
2617
2618
2619
2622
2623
2624
2625
2626
2629
2631
2633
2635
2636
2637
2638
2639
2641
2642
2645
2646
2648
2650
2651
2652
2654
2655
2656
2657
2658
2659
2661
2662
2663
2664
2665
2667
2668
2671
2672
2675
2676
2677
2678
2679
2682
2683
2685
2687
2688
2690
2692
2693
2694
2696
2697
2698
2700
2702
2703
2707
2708
2712
2713
2716
2717
2718
2720
2721
2722
2723
2725
2726
2727
2729
2730
2731
2734
2736
2737
2738
2740
2741
2743
2745
2746
2747
2749
2751
2755
2757
2758
2761
2762
2763
2765
2766
2767
2768
2769
2770
2771
2773
2774
2775
2778
2779
2780
2783
2786
2787
2788
2789
2790
2791
2792
2793
2794
2799
2800
2801
2803
2805
2809
2811
2813
2814
2815
2817
2820
2821
2822
2823
2824
2826
2828
2829
2830
2831
2833
2836
2838
2840
2842
2843
2844
2845
2846
2847
2848
2849
2854
2858
2859
2862
2863
2865
2866
2867
2868
2871
2872
2873
2874
2875
2876
2877
2878
2880
2883
2884
2885
2886
2887
2888
2890
2891
2892
2893
2894
2895
2897
2898
2899
2900
2902
2903
2904
2905
2906
2907
2909
2910
2911
2912
2913
2915
2916
2917
2918
2920
2921
2922
2923
2924
2925
2927
2928
2930
2931
2932
2933
2937
2938
2940
2942
2943
2944
2945
2946
2947
2948
2950
2951
2952
2953
2955
2956
2958
2959
2960
2962
2964
2965
2966
2968
2972
2973
2974
2975
2976
2977
2978
2979
2983
2985
2986
2987
2989
2990
2991
2992
2993
2994
2995
2996
2997
2998
2999
3000
3001
3004
3007
3008
3009
3010
3011
3012
3014
3015
3016
3018
3020
3021
3022
3023
3024
3025
3026
3027
3028
3031
3033
3034
3035
3036
3037
3038
3040
3041
3042
3043
3044
3045
3047
3049
3051
3052
3055
3057
3058
3059
3063
3064
3066
3068
3069
3071
3072
3073
3075
3078
3079
3080
3081
3082
3083
3084
3086
3087
3088
3089
3090
3092
3093
3095
3096
3097
3099
3100
3101
3102
3103
3108
3109
3110
3111
3112
3113
3114
3115
3116
3119
3120
3121
3122
3123
3127
3129
3130
3131
3132
3134
3136
3139
3141
3144
3145
3146
3148
3151
3152
3153
3154
3159
3160
3161
3162
3163
3164
3166
3167
3168
3169
3170
3172
3176
3177
3178
3179
3181
3182
3183
3185
3187
3188
3191
3193
3194
3195
3196
3197
3198
3201
3206
3207
3209
3210
3211
3212
3213
3214
3215
3218
3219
3221
3222
3223
3224
3225
3229
3231
3232
3233
3235
3237
3238
3240
3242
3243
3244
3245
3246
3247
3249
3251
3252
3253
3255
3256
3257
3258
3259
3261
3262
3263
3264
3267
3269
3271
3273
3274
3275
3276
3279
3280
3281
3282
3283
3284
3286
3287
3288
3290
3291
3292
3294
3295
3297
3298
3299
3300
3302
3305
3307
3309
3310
3312
3313
3315
3316
3317
3318
3319
3323
3325
3326
3327
3329
3330
3331
3332
3335
3336
3337
3338
3339
3340
3342
3343
3345
3346
3347
3348
3349
3355
3356
3357
3358
3359
3363
3364
3365
3366
3367
3368
3369
3371
3372
3373
3374
3375
3376
3377
3378
3381
3382
3383
3384
3385
3386
3387
3388
3389
3390
3391
3392
3396
3397
3398
3401
3402
3403
3404
3405
3406
3407
3408
3410
3411
3413
3414
3415
3416
3417
3418
3419
3420
3422
3423
3424
3426
3427
3428
3429
3431
3433
3434
3437
3438
3439
3440
3444
3446
3448
3449
3452
3454
3455
3456
3457
3460
3462
3464
3465
3466
3467
3468
3469
3470
3472
3474
3475
3477
3478
3479
3480
3487
3488
3489
3490
3492
3493
3494
3496
3497
3498
3500
3501
3502
3503
3504
3505
3509
3511
3513
3514
3515
3516
3518
3519
3520
3522
3523
3524
3525
3526
3527
3528
3530
3532
3536
3537
3538
3539
3540
3541
3543
3545
3547
3548
3551
3552
3553
3554
3555
3556
3558
3559
3561
3562
3563
3564
3565
3566
3567
3569
3570
3571
3572
3573
3574
3575
3576
3577
3579
3580
3583
3584
3586
3588
3589
3591
3592
3594
3597
3598
3599
3600
3601
3602
3605
3606
3607
3608
3609
3610
3611
3612
3614
3615
3616
3620
3621
3624
3626
3627
3629
3631
3632
3633
3634
3636
3637
3638
3639
3640
3643
3644
3647
3648
3651
3652
3653
3654
3655
3656
3657
3658
3659
3660
3661
3662
3663
3664
3665
3667
3668
3669
3670
3671
3672
3673
3675
3678
3679
3680
3682
3683
3685
3686
3688
3689
3690
3691
3692
3693
3695
3696
3697
3698
3699
3700
3701
3702
3704
3707
3708
3710
3711
3712
3714
3715
3716
3717
3718
3719
3720
3721
3723
3724
3725
3727
3728
3729
3730
3731
3733
3734
3735
3737
3738
3739
3741
3742
3743
3744
3746
3747
3748
3749
3750
3751
3752
3753
3755
3756
3757
3758
3759
3760
3762
3764
3766
3767
3768
3769
3771
3772
3773
3775
3776
3778
3779
3781
3782
3783
3784
3785
3786
3787
3788
3789
3791
3792
3793
3794
3797
3799
3800
3801
3802
3803
3805
3806
3809
3812
3813
3815
3816
3817
3820
3821
3823
3824
3825
3826
3827
3828
3829
3830
3831
3832
3837
3838
3839
3840
3841
3842
3845
3846
3847
3849
3852
3853
3854
3855
3856
3857
3858
3859
3860
3861
3862
3864
3866
3868
3871
3872
3875
3876
3877
3878
3879
3884
3885
3886
3887
3889
3891
3893
3894
3897
3898
3899
3900
3902
3903
3904
3905
3906
3907
3908
3909
3910
3912
3913
3914
3915
3917
3918
3919
3920
3921
3922
3923
3924
3925
3926
3927
3928
3929
3932
3933
3934
3935
3936
3938
3939
3940
3941
3943
3945
3946
3947
3948
3949
3950
3951
3952
3953
3954
3957
3958
3959
3960
3961
3962
3963
3964
3968
3972
3973
3974
3975
3976
3977
3982
3983
3984
3985
3986
3988
3990
3991
3994
3995
3996
3999
4000
4006
4007
4008
4009
4010
4011
4013
4015
4016
4017
4018
4019
4021
4022
4023
4024
4025
4028
4029
4031
4032
4033
4035
4037
4039
4040
4041
4043
4044
4045
4047
4051
4052
4053
4054
4055
4056
4058
4059
4062
4063
4064
4065
4066
4067
4068
4069
4070
4071
4072
4073
4075
4076
4079
4080
4081
4082
4083
4085
4086
4087
4089
4091
4092
4093
4097
4099
4100
4101
4102
4103
4104
4106
4107
4108
4109
4110
4111
4112
4113
4115
4116
4117
4118
4119
4122
4123
4125
4126
4132
4133
4134
4135
4136
4139
4140
4142
4144
4145
4146
4147
4150
4152
4153
4154
4155
4156
4157
4158
4159
4160
4161
4162
4163
4165
4167
4168
4171
4172
4176
4177
4178
4180
4181
4182
4183
4185
4186
4189
4190
4191
4193
4195
4196
4197
4198
4200
4201
4203
4204
4205
4206
4207
4208
4209
4211
4212
4213
4214
4215
4216
4217
4218
4220
4221
4224
4225
4228
4229
4230
4231
4234
4235
4236
4241
4242
4243
4245
4247
4249
4251
4252
4253
4255
4257
4260
4261
4263
4264
4265
4267
4268
4270
4274
4275
4277
4278
4279
4280
4281
4282
4283
4284
4285
4286
4287
4288
4289
4290
4291
4293
4294
4297
4300
4302
4304
4306
4307
4308
4309
4310
4311
4313
4315
4318
4319
4320
4321
4323
4324
4328
4330
4332
4333
4334
4335
4336
4337
4338
4339
4340
4341
4343
4345
4346
4348
4349
4350
4351
4353
4354
4355
4356
4357
4358
4359
4360
4361
4362
4363
4364
4365
4366
4367
4368
4369
4370
4371
4372
4374
4375
4377
4378
4379
4380
4381
4383
4384
4385
4386
4387
4388
4391
4393
4394
4396
4397
4399
4400
4403
4404
4406
4407
4408
4409
4410
4411
4413
4415
4416
4417
4418
4419
4420
4422
4423
4424
4426
4427
4429
4430
4431
4432
4435
4438
4441
4442
4443
4445
4448
4449
4450
4451
4452
4454
4455
4456
4457
4458
4461
4462
4463
4465
4466
4467
4468
4472
4474
4475
4477
4478
4482
4483
4484
4485
4486
4487
4488
4489
4490
4491
4492
4493
4494
4495
4497
4499
4500
4502
4503
4504
4505
4507
4510
4511
4512
4513
4514
4515
4516
4517
4522
4526
4527
4528
4529
4530
4532
4533
4534
4536
4537
4538
4540
4543
4544
4545
4546
4547
4549
4551
4552
4553
4555
4557
4558
4559
4561
4562
4563
4565
4567
4568
4570
4573
4574
4575
4577
4578
4579
4581
4582
4587
4588
4589
4590
4591
4592
4593
4595
4596
4597
4599
4600
4602
4604
4609
4610
4611
4612
4613
4614
4616
4618
4619
4621
4623
4624
4625
4626
4631
4633
4634
4636
4638
4639
4640
4641
4642
4643
4644
4646
4648
4649
4650
4652
4655
4656
4657
4659
4660
4661
4662
4663
4665
4666
4668
4669
4670
4673
4674
4675
4676
4678
4681
4684
4686
4687
4688
4689
4690
4692
4693
4694
4695
4696
4697
4698
4700
4701
4703
4704
4705
4706
4708
4709
4710
4711
4715
4716
4717
4718
4721
4722
4723
4724
4726
4729
4730
4731
4732
4733
4739
4743
4746
4747
4748
4749
4750
4751
4752
4754
4755
4756
4758
4760
4762
4765
4766
4767
4768
4769
4772
4773
4774
4775
4776
4778
4782
4783
4785
4787
4789
4793
4794
4795
4796
4797
4799
4800
4802
4803
4804
4808
4809
4811
4813
4814
4817
4818
4819
4820
4821
4822
4823
4824
4825
4826
4829
4830
4831
4832
4833
4834
4835
4837
4838
4840
4842
4845
4847
4850
4852
4855
4860
4861
4862
4863
4864
4865
4866
4867
4868
4870
4871
4872
4874
4875
4876
4878
4879
4880
4881
4882
4883
4884
4885
4887
4888
4889
4890
4892
4893
4895
4896
4897
4899
4900
4902
4903
4904
4905
4906
4908
4909
4910
4911
4913
4915
4917
4919
4921
4922
4923
4924
4927
4928
4929
4930
4932
4934
4935
4936
4937
4938
4940
4942
4943
4945
4947
4949
4950
4952
4954
4956
4958
4960
4962
4963
4965
4966
4970
4971
4972
4974
4976
4977
4978
4979
4980
4981
4982
4983
4984
4985
4986
4987
4988
4989
4990
4991
4992
4993
4994
4997
4998
5000
5001
5002
5003
5004
5005
5007
5008
5009
5010
5011
5012
5013
5016
5018
5019
5021
5022
5023
5024
5025
5026
5027
5028
5029
5031
5032
5033
5034
5036
5037
5038
5040
5041
5042
5043
5045
5046
5047
5048
5049
5050
5051
5052
5053
5054
5055
5056
5058
5059
5060
5061
5062
5063
5064
5065
5066
5068
5069
5070
5071
5072
5074
5078
5079
5081
5082
5083
5084
5086
5087
5088
5089
5090
5091
5093
5097
5098
5099
5100
5101
5102
5103
5104
5105
5106
5108
5113
5114
5115
5116
5118
5119
5123
5124
5125
5126
5128
5130
5132
5133
5134
5136
5137
5141
5142
5144
5145
5147
5149
5150
5151
5152
5153
5154
5155
5156
5158
5159
5161
5163
5164
5165
5167
5168
5169
5171
5173
5175
5176
5177
5178
5179
5180
5181
5182
5183
5184
5185
5186
5187
5188
5189
5192
5193
5194
5196
5197
5198
5199
5200
5201
5203
5204
5205
5207
5209
5211
5214
5215
5218
5219
5220
5222
5224
5225
5226
5227
5228
5229
5230
5231
5232
5234
5235
5236
5237
5238
5240
5241
5242
5243
5244
5245
5246
5247
5249
5252
5253
5254
5255
5257
5258
5259
5260
5261
5262
5265
5266
5267
5268
5271
5272
5273
5274
5275
5276
5278
5279
5280
5284
5286
5287
5288
5290
5291
5296
5297
5299
5300
5301
5303
5304
5305
5306
5311
5312
5313
5314
5315
5316
5317
5318
5320
5321
5322
5323
5324
5325
5326
5327
5329
5330
5332
5333
5334
5335
5339
5340
5341
5342
5343
5344
5345
5346
5347
5348
5349
5350
5352
5354
5356
5357
5358
5360
5364
5365
5366
5367
5368
5369
5371
5372
5373
5375
5376
5377
5378
5379
5380
5381
5382
5383
5384
5385
5386
5387
5388
5389
5390
5391
5392
5394
5396
5397
5398
5399
5400
5401
5402
5403
5404
5405
5406
5411
5413
5414
5415
5416
5418
5420
5421
5423
5425
5427
5428
5430
5431
5432
5433
5437
5438
5439
5440
5442
5443
5444
5446
5447
5448
5449
5450
5451
5452
5454
5455
5456
5457
5459
5461
5464
5465
5467
5469
5471
5474
5475
5477
5479
5482
5485
5487
5488
5490
5492
5493
5494
5495
5496
5497
5498
5499
5500
5501
5505
5506
5507
5508
5509
5511
5512
5513
5514
5515
5517
5518
5519
5520
5521
5523
5524
5525
5526
5527
5531
5532
5534
5535
5536
5537
5538
5539
5540
5541
5542
5543
5544
5545
5546
5547
5550
5551
5552
5553
5555
5556
5558
5559
5560
5561
5562
5563
5564
5566
5568
5569
5570
5571
5573
5575
5576
5577
5578
5579
5580
5581
5583
5584
5585
5586
5587
5588
5590
5591
5592
5594
5595
5596
5597
5598
5600
5601
5603
5605
5606
5608
5610
5611
5612
5614
5615
5616
5623
5624
5625
5627
5630
5631
5634
5636
5639
5642
5646
5648
5649
5650
5651
5653
5654
5658
5660
5661
5664
5665
5666
5667
5668
5669
5670
5671
5672
5673
5674
5675
5676
5677
5678
5679
5680
5681
5682
5683
5686
5687
5688
5690
5691
5692
5695
5698
5699
5700
5701
5702
5703
5706
5708
5710
5711
5712
5714
5715
5716
5718
5723
5724
5725
5727
5728
5730
5731
5732
5733
5734
5735
5737
5738
5739
5740
5745
5747
5748
5750
5751
5752
5754
5755
5756
5758
5759
5760
5761
5764
5765
5766
5767
5768
5770
5772
5773
5774
5776
5777
5779
5780
5783
5784
5785
5786
5787
5788
5789
5790
5791
5792
5795
5798
5801
5804
5806
5807
5808
5811
5813
5814
5815
5816
5817
5818
5819
5820
5822
5823
5824
5826
5828
5829
5830
5832
5835
5836
5837
5838
5839
5841
5844
5845
5847
5849
5852
5853
5854
5856
5857
5859
5861
5862
5864
5865
5866
5867
5869
5870
5872
5874
5876
5880
5881
5882
5884
5886
5887
5890
5893
5894
5895
5896
5898
5899
5901
5904
5905
5906
5907
5909
5910
5911
5912
5913
5914
5916
5918
5919
5920
5922
5923
5924
5925
5926
5927
5930
5933
5935
5937
5938
5939
5941
5942
5943
5944
5945
5946
5949
5950
5951
5952
5954
5955
5956
5957
5958
5959
5960
5962
5964
5965
5966
5967
5970
5971
5974
5975
5976
5978
5980
5981
5983
5984
5985
5988
5990
5993
5994
5995
5996
5997
5999
6001
6002
6004
6006
6007
6009
6010
6011
6012
6013
6014
6015
6016
6017
6018
6019
6021
6022
6024
6025
6026
6027
6028
6029
6030
6031
6033
6034
6036
6038
6039
6040
6041
6042
6043
6047
6048
6051
6052
6053
6055
6056
6058
6060
6061
6062
6063
6064
6065
6066
6067
6068
6070
6071
6072
6073
6076
6077
6079
6080
6081
6082
6083
6084
6085
6086
6088
6090
6091
6094
6095
6097
6099
6100
6101
6102
6103
6106
6107
6109
6110
6111
6112
6115
6116
6118
6120
6123
6124
6125
6128
6129
6130
6131
6133
6135
6136
6137
6140
6141
6142
6144
6146
6147
6148
6149
6152
6153
6154
6155
6156
6159
6160
6161
6162
6163
6165
6166
6167
6169
6170
6171
6172
6173
6174
6176
6177
6178
6179
6180
6184
6188
6190
6191
6196
6197
6199
6200
6205
6206
6208
6210
6211
6212
6215
6216
6217
6218
6219
6220
6222
6223
6224
6225
6226
6227
6228
6229
6231
6232
6233
6235
6236
6237
6238
6241
6242
6245
6246
6248
6249
6250
6251
6252
6254
6257
6258
6259
6262
6263
6264
6265
6266
6267
6268
6269
6270
6271
6272
6273
6274
6276
6279
6280
6281
6284
6286
6287
6289
6290
6291
6292
6293
6294
6295
6296
6297
6300
6301
6303
6304
6306
6308
6312
6313
6316
6317
6318
6319
6320
6322
6324
6325
6326
6327
6328
6330
6333
6335
6336
6337
6339
6340
6341
6342
6343
6345
6347
6348
6349
6350
6353
6354
6358
6359
6360
6361
6362
6363
6366
6367
6369
6371
6374
6375
6377
6378
6379
6380
6383
6385
6386
6388
6389
6390
6391
6393
6397
6400
6401
6403
6404
6406
6407
6408
6409
6410
6411
6412
6413
6416
6417
6418
6419
6420
6423
6424
6425
6426
6427
6428
6429
6430
6431
6433
6434
6436
6439
6440
6441
6442
6443
6444
6445
6447
6448
6450
6451
6452
6454
6455
6456
6457
6459
6460
6461
6462
6463
6464
6465
6466
6468
6470
6471
6472
6473
6474
6476
6477
6478
6482
6484
6485
6486
6487
6489
6493
6494
6495
6496
6497
6498
6500
6502
6503
6504
6505
6506
6508
6509
6510
6512
6513
6515
6516
6517
6518
6520
6521
6522
6524
6525
6526
6527
6529
6532
6534
6535
6537
6538
6540
6541
6545
6546
6549
6550
6551
6554
6555
6558
6560
6563
6564
6565
6566
6567
6570
6571
6572
6573
6574
6575
6576
6578
6580
6581
6582
6583
6585
6587
6588
6589
6593
6594
6595
6598
6599
6601
6602
6604
6605
6609
6610
6611
6612
6613
6615
6617
6618
6620
6623
6624
6625
6626
6627
6628
6630
6631
6633
6634
6635
6636
6638
6640
6641
6642
6643
6646
6647
6651
6653
6654
6655
6656
6657
6658
6659
6661
6663
6664
6665
6667
6669
6670
6673
6674
6675
6676
6677
6678
6679
6682
6683
6684
6685
6686
6687
6688
6689
6690
6691
6692
6694
6695
6697
6700
6703
6704
6707
6708
6711
6712
6713
6717
6719
6722
6723
6724
6727
6728
6729
6730
6731
6733
6735
6737
6739
6740
6741
6742
6743
6744
6745
6747
6748
6749
6753
6754
6755
6756
6758
6759
6760
6761
6762
6763
6767
6769
6770
6771
6772
6773
6776
6777
6779
6780
6781
6782
6783
6784
6785
6786
6788
6791
6792
6794
6795
6796
6798
6799
6800
6801
6802
6803
6804
6805
6808
6810
6814
6818
6819
6820
6822
6825
6826
6827
6830
6831
6832
6833
6837
6838
6839
6841
6844
6845
6846
6847
6848
6851
6853
6855
6856
6857
6860
6861
6862
6863
6864
6865
6866
6867
6869
6870
6871
6872
6873
6874
6875
6876
6878
6879
6881
6883
6885
6886
6887
6888
6889
6891
6892
6893
6894
6895
6896
6900
6901
6902
6903
6906
6907
6908
6910
6912
6914
6915
6917
6918
6919
6920
6921
6924
6925
6927
6928
6930
6932
6933
6934
6935
6936
6937
6942
6944
6945
6946
6948
6950
6951
6956
6958
6959
6960
6961
6962
6963
6964
6966
6967
6968
6969
6970
6973
6974
6976
6977
6978
6981
6982
6983
6984
6985
6987
6988
6989
6990
6991
6992
6995
6997
6998
6999
7000
7002
7003
7005
7008
7010
7014
7015
7016
7018
7019
7020
7021
7023
7024
7025
7026
7027
7030
7031
7032
7033
7037
7038
7040
7043
7044
7045
7047
7049
7050
7051
7052
7053
7056
7057
7058
7059
7062
7063
7064
7065
7066
7067
7068
7069
7070
7071
7072
7073
7074
7075
7077
7078
7079
7080
7082
7083
7084
7086
7089
7090
7091
7093
7094
7095
7096
7097
7099
7100
7101
7102
7103
7104
7106
7107
7108
7109
7110
7111
7113
7117
7118
7122
7123
7125
7126
7127
7128
7130
7131
7132
7133
7134
7136
7137
7139
7140
7145
7146
7147
7149
7150
7151
7152
7154
7155
7157
7162
7163
7164
7165
7166
7167
7170
7173
7174
7175
7176
7178
7180
7181
7182
7184
7186
7189
7191
7192
7193
7194
7196
7197
7198
7199
7200
7204
7205
7206
7209
7211
7212
7214
7215
7216
7217
7218
7220
7221
7222
7224
7225
7226
7228
7229
7236
7237
7238
7239
7241
7243
7244
7245
7248
7249
7250
7251
7253
7254
7256
7258
7261
7262
7263
7264
7266
7267
7268
7270
7271
7272
7275
7279
7281
7282
7283
7284
7286
7287
7289
7290
7292
7294
7295
7297
7299
7301
7302
7303
7305
7306
7308
7310
7311
7312
7314
7315
7316
7317
7318
7322
7325
7327
7329
7330
7332
7333
7334
7337
7338
7339
7341
7342
7343
7344
7345
7346
7347
7348
7349
7350
7351
7354
7355
7357
7358
7359
7363
7364
7365
7366
7367
7368
7369
7371
7373
7374
7376
7377
7379
7380
7381
7382
7383
7385
7387
7388
7389
7390
7392
7394
7396
7397
7398
7399
7400
7401
7402
7404
7405
7406
7407
7408
7410
7412
7413
7414
7415
7416
7417
7419
7420
7421
7422
7423
7424
7425
7426
7427
7428
7432
7435
7436
7437
7438
7439
7440
7442
7443
7444
7445
7446
7448
7450
7451
7452
7454
7456
7457
7459
7460
7462
7463
7465
7466
7468
7469
7470
7471
7473
7475
7477
7478
7480
7481
7482
7483
7484
7485
7486
7487
7488
7489
7490
7491
7492
7494
7500
7502
7503
7504
7505
7506
7507
7509
7510
7511
7512
7513
7516
7518
7519
7522
7524
7527
7528
7532
7533
7534
7535
7537
7538
7539
7540
7541
7542
7544
7546
7547
7549
7552
7553
7554
7556
7557
7558
7559
7560
7561
7562
7564
7566
7568
7572
7573
7574
7575
7576
7577
7579
7580
7581
7583
7585
7587
7588
7589
7590
7591
7593
7595
7596
7598
7599
7600
7601
7603
7607
7608
7610
7611
7613
7615
7616
7618
7619
7620
7621
7622
7623
7626
7627
7628
7631
7632
7634
7635
7637
7638
7639
7640
7641
7642
7643
7644
7646
7647
7652
7653
7654
7657
7658
7660
7661
7662
7663
7664
7665
7666
7667
7668
7671
7674
7675
7677
7678
7679
7681
7683
7684
7685
7686
7691
7692
7694
7695
7696
7698
7699
7700
7702
7703
7704
7705
7706
7707
7708
7711
7712
7713
7715
7716
7718
7719
7720
7721
7722
7723
7724
7725
7726
7727
7728
7730
7731
7732
7733
7735
7737
7738
7739
7741
7742
7743
7744
7745
7746
7748
7749
7750
7751
7752
7753
7754
7758
7759
7762
7764
7765
7766
7767
7768
7769
7770
7772
7773
7774
7775
7776
7777
7778
7779
7781
7783
7784
7787
7788
7789
7790
7791
7793
7794
7795
7796
7797
7798
7799
7800
7801
7802
7803
7805
7806
7807
7812
7813
7814
7816
7817
7818
7819
7820
7821
7823
7824
7825
7826
7828
7831
7833
7834
7835
7838
7839
7840
7842
7843
7844
7846
7847
7848
7855
7859
7860
7862
7863
7864
7867
7868
7870
7872
7875
7877
7879
7880
7881
7882
7883
7884
7885
7886
7887
7888
7889
7890
7892
7893
7894
7897
7898
7899
7900
7902
7903
7904
7906
7908
7909
7911
7912
7913
7914
7915
7917
7918
7920
7921
7922
7926
7927
7928
7931
7932
7933
7934
7937
7938
7939
7940
7942
7944
7945
7946
7948
7949
7950
7951
7952
7953
7954
7956
7957
7958
7959
7960
7961
7962
7963
7964
7965
7966
7967
7968
7971
7972
7974
7975
7976
7977
7978
7979
7980
7982
7983
7986
7987
7988
7989
7990
7992
7993
7994
7995
7996
7997
8000
8001
8002
8003
8004
8005
8006
8007
8009
8011
8012
8015
8017
8019
8020
8022
8023
8024
8026
8028
8029
8031
8035
8036
8037
8038
8039
8042
8044
8045
8047
8048
8049
8050
8051
8052
8053
8056
8057
8060
8062
8063
8065
8067
8068
8069
8071
8072
8073
8076
8078
8080
8081
8082
8083
8085
8086
8087
8088
8089
8091
8093
8094
8095
8096
8098
8100
8101
8102
8103
8104
8105
8107
8108
8109
8110
8112
8113
8114
8115
8116
8117
8119
8121
8122
8123
8125
8126
8127
8128
8129
8130
8131
8133
8136
8138
8139
8140
8141
8142
8143
8144
8145
8146
8147
8148
8149
8150
8151
8152
8153
8154
8155
8159
8163
8164
8165
8167
8170
8171
8173
8174
8175
8176
8177
8179
8180
8182
8183
8184
8185
8186
8187
8188
8193
8194
8196
8199
8200
8201
8202
8204
8207
8208
8210
8211
8213
8214
8215
8216
8217
8218
8219
8223
8226
8227
8228
8230
8231
8232
8233
8236
8238
8239
8241
8242
8243
8244
8245
8246
8247
8251
8252
8254
8255
8256
8257
8258
8265
8267
8268
8270
8271
8272
8273
8274
8275
8276
8277
8279
8280
8283
8284
8286
8287
8288
8290
8291
8292
8293
8294
8295
8297
8301
8304
8306
8308
8309
8310
8311
8313
8314
8315
8317
8318
8319
8320
8321
8323
8324
8327
8328
8329
8330
8331
8332
8333
8335
8336
8338
8339
8341
8343
8344
8348
8349
8350
8351
8352
8354
8356
8357
8358
8359
8360
8362
8363
8364
8365
8366
8367
8368
8369
8370
8371
8372
8373
8374
8377
8378
8380
8381
8382
8383
8385
8386
8389
8390
8391
8393
8394
8396
8397
8398
8399
8401
8404
8405
8406
8407
8408
8409
8410
8411
8413
8416
8419
8420
8421
8424
8425
8426
8427
8428
8429
8430
8431
8432
8436
8438
8440
8441
8442
8443
8444
8446
8447
8449
8451
8452
8455
8459
8460
8461
8462
8464
8465
8467
8471
8473
8474
8475
8476
8477
8478
8479
8480
8481
8483
8484
8485
8487
8488
8489
8490
8492
8493
8494
8497
8498
8499
8501
8502
8503
8504
8506
8507
8508
8510
8511
8513
8514
8515
8516
8517
8518
8519
8521
8522
8523
8524
8526
8527
8528
8529
8531
8532
8533
8534
8535
8538
8542
8543
8544
8546
8547
8548
8549
8550
8552
8554
8556
8558
8559
8560
8561
8563
8564
8565
8568
8569
8571
8572
8573
8574
8575
8581
8582
8583
8584
8587
8588
8589
8590
8591
8593
8594
8595
8596
8597
8599
8601
8602
8604
8605
8606
8607
8608
8610
8612
8613
8614
8617
8619
8620
8622
8623
8624
8625
8626
8627
8628
8629
8631
8632
8633
8634
8635
8636
8637
8638
8639
8640
8642
8643
8644
8645
8646
8648
8649
8650
8651
8652
8653
8654
8656
8657
8658
8659
8661
8662
8663
8664
8665
8667
8669
8671
8674
8675
8676
8678
8679
8683
8686
8687
8693
8695
8696
8697
8698
8701
8704
8707
8708
8710
8711
8713
8714
8715
8716
8717
8718
8720
8721
8722
8723
8724
8725
8726
8728
8730
8733
8737
8738
8741
8743
8744
8746
8747
8748
8750
8751
8752
8753
8754
8755
8756
8757
8758
8759
8761
8762
8763
8764
8765
8766
8769
8770
8771
8774
8775
8776
8777
8779
8780
8781
8784
8788
8789
8790
8793
8795
8796
8797
8798
8799
8801
8802
8803
8804
8805
8807
8809
8810
8811
8815
8816
8818
8820
8821
8822
8825
8826
8828
8830
8832
8833
8834
8836
8841
8842
8843
8844
8845
8846
8848
8850
8852
8853
8854
8855
8858
8859
8860
8863
8864
8865
8867
8868
8869
8871
8873
8874
8877
8878
8879
8880
8882
8883
8885
8886
8887
8888
8890
8891
8892
8895
8897
8898
8900
8901
8902
8903
8904
8905
8906
8907
8908
8910
8915
8916
8917
8918
8919
8920
8921
8924
8925
8926
8927
8929
8930
8932
8933
8934
8936
8938
8939
8940
8941
8944
8945
8948
8949
8950
8951
8952
8953
8954
8955
8960
8961
8963
8965
8966
8967
8968
8969
8971
8972
8973
8974
8975
8976
8977
8978
8980
8982
8983
8985
8986
8989
8990
8992
8993
8996
8998
8999
9000
9001
9003
9004
9005
9006
9008
9011
9012
9013
9015
9017
9019
9021
9024
9025
9026
9028
9031
9032
9033
9036
9037
9038
9040
9042
9043
9044
9045
9046
9049
9050
9051
9052
9054
9055
9056
9057
9061
9063
9064
9065
9066
9067
9068
9069
9070
9071
9074
9075
9076
9077
9079
9080
9081
9083
9084
9086
9087
9088
9090
9091
9092
9093
9095
9096
9098
9099
9101
9104
9105
9106
9107
9108
9110
9111
9112
9113
9114
9116
9118
9119
9120
9121
9122
9127
9128
9129
9130
9131
9132
9133
9135
9138
9141
9142
9145
9146
9148
9149
9150
9151
9153
9154
9158
9159
9161
9164
9166
9168
9170
9171
9173
9174
9175
9176
9177
9178
9179
9180
9181
9185
9186
9187
9188
9192
9193
9195
9196
9198
9199
9200
9201
9202
9203
9207
9209
9211
9212
9213
9216
9217
9218
9221
9222
9223
9225
9227
9229
9232
9233
9235
9236
9237
9238
9239
9240
9241
9242
9243
9247
9248
9252
9253
9254
9257
9258
9259
9260
9264
9265
9267
9269
9270
9271
9273
9275
9277
9279
9280
9281
9282
9284
9285
9286
9288
9289
9292
9293
9296
9297
9298
9299
9300
9301
9303
9304
9306
9307
9308
9309
9310
9312
9314
9316
9317
9319
9320
9322
9325
9326
9327
9330
9332
9333
9334
9336
9337
9338
9339
9340
9341
9347
9348
9349
9350
9351
9353
9354
9355
9358
9360
9361
9363
9364
9366
9367
9368
9369
9370
9371
9372
9373
9374
9375
9376
9377
9379
9381
9382
9383
9384
9385
9387
9388
