1
3
4
5
6
7
11
13
15
16
17
21
22
24
27
29
33
34
36
37
38
39
41
42
46
49
53
54
56
57
58
60
61
64
65
66
67
70
72
73
78
79
81
83
85
88
90
92
96
99
100
101
104
106
109
110
112
113
114
115
117
118
120
121
123
124
125
126
127
128
130
133
136
141
144
145
147
149
151
152
153
154
155
156
157
159
160
161
162
163
165
168
172
173
174
176
177
180
183
189
190
191
192
193
195
196
197
198
200
202
204
205
207
208
209
211
213
216
217
221
222
223
226
227
228
229
232
243
245
247
251
253
257
258
259
260
262
264
269
270
272
275
276
278
281
286
288
291
294
296
298
299
300
302
303
305
306
307
308
310
311
313
315
316
317
318
319
320
323
325
328
329
331
334
336
338
343
345
346
348
349
351
352
356
357
359
360
362
366
368
369
370
371
372
373
375
376
378
380
381
386
388
390
391
392
394
395
397
401
402
404
406
408
409
410
411
412
413
415
418
419
422
423
424
427
428
429
431
432
434
435
440
443
447
450
451
456
457
458
459
460
462
465
468
469
473
475
477
478
481
482
483
484
485
486
487
491
492
493
494
495
496
498
499
501
504
508
510
511
515
516
521
522
523
531
533
536
542
543
546
547
548
550
551
552
553
556
565
567
572
574
575
576
577
578
580
581
583
584
585
587
588
590
591
592
593
594
598
599
600
601
602
603
605
606
608
609
610
612
615
616
618
619
622
623
625
627
628
632
634
635
636
637
639
641
642
643
645
646
648
649
650
655
656
657
659
661
663
665
673
674
676
677
679
681
682
683
685
686
687
688
690
692
693
694
695
696
701
702
703
705
709
712
713
714
715
717
718
719
720
724
725
726
728
730
731
733
735
737
738
741
742
744
745
746
747
749
750
751
755
756
757
759
761
763
764
765
766
767
768
770
771
772
773
774
775
776
778
779
780
785
788
792
794
795
796
798
801
802
804
806
808
810
812
814
815
818
819
822
825
829
831
832
834
836
838
839
840
842
844
849
850
851
852
854
855
857
858
860
862
864
866
869
870
871
873
874
875
876
880
882
886
890
894
895
897
902
903
905
907
911
912
914
917
918
919
924
925
929
930
931
932
934
936
938
940
941
946
948
954
958
961
963
965
967
972
973
974
976
980
982
983
985
988
989
990
993
994
996
999
1002
1004
1006
1007
1009
1010
1012
1014
1015
1018
1019
1020
1021
1024
1025
1026
1027
1028
1029
1030
1035
1037
1038
1040
1043
1044
1045
1046
1048
1049
1050
1051
1052
1053
1054
1055
1056
1059
1062
1063
1065
1068
1074
1076
1078
1080
1086
1087
1088
1090
1092
1094
1095
1097
1101
1102
1103
1105
1107
1108
1110
1112
1114
1118
1119
1123
1124
1127
1128
1129
1132
1133
1138
1139
1140
1141
1142
1143
1144
1145
1150
1151
1154
1157
1160
1162
1164
1165
1166
1167
1168
1169
1170
1175
1176
1178
1179
1180
1182
1183
1186
1188
1190
1191
1195
1199
1200
1201
1202
1203
1204
1206
1207
1208
1209
1211
1212
1214
1218
1219
1220
1222
1223
1224
1229
1230
1233
1235
1238
1239
1240
1242
1243
1244
1248
1253
1254
1256
1257
1260
1264
1266
1269
1270
1271
1273
1275
1278
1281
1282
1284
1285
1286
1289
1290
1293
1295
1296
1297
1302
1304
1306
1309
1310
1311
1313
1315
1317
1320
1323
1324
1325
1327
1329
1330
1332
1333
1334
1335
1336
1338
1339
1340
1341
1343
1344
1345
1346
1347
1349
1350
1351
1352
1355
1356
1361
1363
1368
1369
1375
1376
1377
1378
1379
1380
1381
1385
1386
1389
1391
1392
1393
1396
1397
1401
1402
1403
1404
1406
1407
1408
1412
1414
1417
1418
1419
1420
1423
1424
1425
1428
1429
1432
1433
1435
1436
1437
1438
1439
1441
1444
1445
1446
1448
1451
1453
1455
1456
1457
1460
1462
1463
1467
1468
1469
1470
1472
1473
1475
1476
1477
1479
1480
1481
1487
1488
1489
1491
1493
1495
1496
1498
1499
1502
1506
1508
1512
1514
1515
1516
1517
1519
1520
1521
1522
1523
1527
1533
1534
1537
1540
1542
1543
1545
1546
1552
1554
1555
1556
1557
1558
1561
1563
1564
1565
1566
1571
1574
1575
1584
1585
1587
1589
1591
1592
1594
1596
1599
1601
1602
1603
1606
1607
1608
1610
1612
1614
1615
1617
1618
1621
1622
1627
1628
1629
1630
1631
1632
1633
1637
1638
1639
1640
1641
1642
1643
1645
1648
1649
1651
1655
1657
1658
1659
1660
1662
1664
1665
1666
1667
1669
1670
1671
1674
1676
1677
1678
1679
1680
1681
1682
1686
1689
1690
1691
1694
1696
1697
1698
1699
1700
1704
1705
1706
1707
1708
1711
1712
1713
1714
1715
1716
1717
1718
1720
1721
1724
1725
1728
1732
1734
1735
1736
1738
1740
1741
1742
1744
1745
1746
1748
1749
1750
1752
1753
1755
1757
1766
1767
1771
1773
1774
1776
1778
1784
1786
1787
1788
1789
1791
1793
1795
1796
1799
1800
1804
1805
1806
1807
1808
1809
1811
1813
1814
1815
1818
1821
1822
1823
1824
1825
1826
1828
1829
1830
1832
1833
1835
1836
1842
1847
1850
1852
1853
1854
1855
1857
1858
1859
1862
1865
1866
1868
1870
1873
1874
1875
1877
1886
1887
1891
1893
1896
1898
1900
1901
1902
1903
1907
1908
1910
1911
1912
1914
1915
1916
1917
1920
1921
1923
1925
1926
1928
1929
1933
1934
1935
1936
1937
1938
1943
1944
1946
1947
1948
1949
1950
1951
1952
1953
1955
1957
1958
1959
1960
1961
1962
1964
1966
1967
1968
1972
1973
1975
1978
1980
1982
1983
1986
1987
1991
1992
1993
1995
2000
2002
2003
2004
2006
2007
2008
2010
2012
2013
2015
2017
2018
2019
2020
2021
2023
2024
2025
2027
2030
2032
2034
2035
2036
2037
2039
2040
2041
2042
2043
2044
2046
2047
2049
2050
2051
2052
2054
2056
2057
2061
2063
2066
2067
2070
2074
2076
2080
2081
2082
2083
2091
2092
2094
2095
2097
2099
2102
2103
2104
2107
2108
2109
2112
2113
2115
2119
2120
2122
2123
2124
2126
2127
2129
2133
2134
2135
2139
2140
2142
2143
2146
2147
2148
2150
2153
2155
2158
2162
2163
2164
2167
2168
2169
2171
2172
2173
2174
2176
2177
2178
2179
2182
2183
2186
2188
2189
2194
2196
2199
2200
2202
2204
2206
2207
2208
2209
2210
2214
2215
2217
2221
2222
2223
2226
2227
2229
2230
2231
2232
2233
2234
2236
2238
2240
2241
2242
2244
2245
2246
2247
2248
2249
2252
2253
2254
2256
2258
2261
2264
2265
2273
2275
2277
2280
2282
2283
2284
2287
2288
2289
2291
2292
2296
2301
2302
2303
2306
2307
2310
2311
2312
2313
2317
2318
2319
2321
2323
2324
2325
2326
2327
2328
2330
2332
2333
2334
2335
2337
2339
2342
2344
2350
2357
2359
2360
2361
2362
2364
2367
2368
2369
2371
2373
2375
2377
2379
2381
2382
2383
2391
2392
2393
2394
2395
2396
2397
2400
2404
2406
2407
2408
2410
2411
2412
2414
2415
2416
2418
2419
2423
2425
2428
2431
2434
2435
2438
2439
2440
2442
2443
2445
2446
2447
2448
2449
2454
2457
2459
2461
2462
2464
2468
2470
2471
2472
2475
2476
2478
2479
2481
2482
2484
2490
2494
2499
2505
2506
2507
2508
2510
2511
2512
2513
2516
2517
2519
2520
2521
2522
2525
2526
2527
2530
2531
2532
2533
2534
2536
2537
2538
2539
2540
2541
2542
2545
2546
2547
2548
2549
2550
2551
2554
2556
2559
2561
2565
2566
2569
2572
2574
2578
2583
2584
2586
2587
2588
2590
2591
2592
2594
2595
2598
2600
2602
2607
2608
2609
2610
2612
2613
2615
2618
2620
2621
2623
2624
2626
2627
2631
2634
2635
2636
2638
2639
2640
2645
2647
2648
2649
2650
2651
2652
2654
2656
2657
2658
2661
2666
2667
2669
2670
2672
2674
2677
2679
2680
2681
2682
2685
2686
2688
2690
2691
2692
2694
2695
2696
2697
2698
2699
2700
2701
2704
2706
2711
2714
2717
2719
2720
2722
2725
2726
2727
2728
2731
2732
2733
2737
2739
2741
2742
2744
2745
2746
2747
2753
2757
2758
2759
2761
2763
2765
2766
2767
2770
2773
2774
2779
2780
2781
2784
2785
2789
2794
2796
2798
2799
2804
2805
2808
2812
2813
2816
2818
2819
2822
2823
2828
2829
2830
2831
2832
2835
2836
2837
2841
2843
2844
2848
2849
2851
2853
2854
2856
2857
2858
2860
2861
2863
2864
2865
2866
2868
2870
2872
2874
2876
2877
2878
2879
2886
2889
2891
2893
2898
2901
2903
2905
2906
2908
2909
2914
2915
2918
2919
2923
2924
2925
2931
2934
2935
2936
2937
2942
2944
2945
2949
2950
2954
2955
2956
2957
2958
2960
2961
2963
2964
2965
2967
2968
2969
2970
2972
2973
2980
2985
2986
2988
2989
2991
2992
2993
2996
2999
3000
3001
3002
3004
3005
3007
3008
3009
3011
3012
3017
3020
3021
3022
3024
3025
3026
3028
3029
3031
3032
3034
3035
3038
3039
3040
3041
3043
3044
3048
3049
3051
3053
3055
3056
3060
3061
3063
3068
3074
3075
3077
3080
3081
3083
3090
3091
3093
3094
3096
3097
3098
3099
3103
3105
3107
3108
3112
3116
3123
3125
3127
3128
3131
3132
3134
3135
3136
3138
3140
3142
3143
3144
3145
3146
3149
3151
3154
3157
3159
3164
3166
3170
3171
3173
3177
3178
3180
3181
3182
3183
3185
3186
3187
3188
3189
3191
3193
3195
3196
3199
3200
3202
3203
3204
3206
3207
3210
3213
3214
3216
3220
3221
3226
3231
3233
3234
3235
3237
3238
3239
3240
3241
3242
3243
3247
3250
3253
3254
3255
3256
3259
3261
3262
3265
3269
3270
3272
3273
3277
3280
3283
3286
3287
3289
3290
3291
3292
3296
3297
3298
3300
3301
3303
3304
3305
3307
3308
3311
3313
3316
3321
3322
3324
3325
3326
3328
3329
3331
3332
3335
3336
3338
3339
3344
3345
3346
3350
3351
3353
3354
3356
3359
3360
3361
3363
3365
3367
3370
3371
3374
3375
3376
3377
3378
3383
3385
3386
3387
3388
3389
3390
3392
3395
3396
3399
3404
3407
3410
3411
3413
3416
3417
3420
3421
3422
3423
3426
3427
3428
3429
3431
3432
3434
3435
3437
3438
3440
3443
3444
3449
3451
3452
3453
3454
3455
3456
3458
3462
3464
3470
3472
3473
3474
3476
3477
3479
3481
3484
3485
3489
3491
3493
3495
3498
3500
3501
3503
3506
3508
3510
3511
3514
3515
3516
3518
3521
3522
3523
3524
3525
3527
3528
3531
3532
3536
3538
3544
3545
3546
3547
3548
3550
3551
3552
3553
3556
3557
3561
3562
3563
3565
3566
3567
3568
3571
3574
3577
3578
3579
3580
3581
3582
3586
3588
3591
3593
3595
3598
3599
3601
3602
3608
3610
3611
3614
3617
3618
3625
3626
3630
3632
3634
3635
3636
3637
3640
3641
3643
3644
3645
3648
3649
3650
3651
3652
3657
3660
3663
3666
3670
3671
3676
3677
3678
3679
3683
3684
3685
3686
3688
3689
3695
3698
3700
3701
3703
3708
3711
3712
3714
3715
3722
3723
3725
3728
3731
3732
3733
3737
3738
3743
3745
3747
3748
3749
3755
3757
3759
3761
3763
3764
3766
3767
3768
3769
3770
3771
3772
3773
3774
3776
3777
3779
3781
3784
3786
3795
3796
3799
3800
3802
3803
3806
3807
3808
3810
3813
3818
3819
3820
3821
3822
3824
3825
3826
3827
3828
3829
3830
3832
3834
3835
3836
3837
3838
3841
3843
3847
3848
3849
3850
3853
3854
3856
3860
3861
3862
3864
3865
3867
3869
3870
3872
3874
3875
3876
3877
3879
3880
3881
3882
3883
3884
3886
3889
3891
3895
3898
3902
3906
3907
3910
3911
3914
3916
3918
3921
3923
3924
3925
3927
3928
3929
3932
3933
3934
3935
3936
3937
3939
3940
3941
3943
3944
3945
3947
3949
3950
3951
3952
3955
3956
3957
3958
3960
3961
3963
3964
3965
3966
3967
3969
3971
3974
3975
3977
3978
3980
3981
3982
3984
3985
3987
3988
3990
3993
3995
3996
3997
4000
4002
4003
4004
4005
4007
4009
4010
4013
4017
4018
4019
4020
4021
4022
4024
4025
4028
4030
4034
4037
4039
4040
4041
4045
4046
4048
4049
4051
4053
4054
4057
4058
4059
4061
4063
4064
4066
4067
4068
4070
4071
4072
4074
4075
4082
4083
4084
4085
4086
4087
4090
4092
4093
4094
4095
4100
4101
4105
4106
4107
4109
4117
4121
4122
4124
4125
4126
4128
4130
4134
4135
4140
4142
4143
4144
4145
4149
4150
4155
4157
4158
4161
4162
4165
4166
4167
4168
4170
4171
4174
4175
4176
4177
4178
4180
4181
4182
4183
4184
4188
4189
4190
4192
4194
4195
4196
4197
4200
4202
4203
4204
4205
4207
4208
4209
4210
4212
4213
4215
4216
4217
4222
4223
4225
4226
4227
4228
4232
4233
4236
4237
4239
4241
4244
4245
4246
4248
4249
4250
4251
4252
4255
4258
4260
4261
4263
4269
4272
4276
4278
4279
4280
4281
4282
4284
4285
4287
4289
4290
4292
4295
4297
4299
4300
4302
4303
4304
4305
4306
4308
4310
4313
4319
4321
4322
4323
4325
4327
4330
4331
4332
4334
4335
4337
4341
4345
4346
4348
4349
4350
4351
4352
4356
4357
4359
4360
4362
4363
4367
4369
4370
4372
4374
4379
4383
4384
4385
4387
4390
4391
4395
4396
4397
4400
4402
4405
4413
4415
4418
4420
4421
4422
4423
4425
4429
4432
4433
4434
4435
4436
4437
4438
4440
4441
4442
4444
4446
4447
4449
4451
4452
4453
4455
4457
4461
4463
4465
4466
4467
4468
4469
4472
4474
4475
4477
4480
4481
4482
4483
4486
4488
4489
4492
4493
4502
4504
4507
4508
4510
4514
4517
4518
4522
4523
4525
4526
4527
4528
4530
4532
4534
4536
4537
4541
4543
4544
4546
4547
4550
4551
4552
4553
4557
4559
4560
4561
4562
4564
4566
4570
4572
4573
4578
4580
4582
4585
4586
4587
4588
4589
4590
4593
4596
4599
4600
4601
4602
4603
4605
4606
4607
4608
4611
4612
4615
4617
4619
4621
4624
4627
4632
4633
4636
4637
4638
4639
4642
4643
4647
4648
4650
4651
4652
4653
4654
4655
4656
4657
4658
4665
4668
4669
4670
4671
4676
4677
4680
4683
4684
4685
4686
4688
4692
4694
4695
4696
4697
4700
4703
4705
4708
4709
4714
4715
4716
4718
4720
4721
4723
4724
4726
4727
4730
4731
4732
4734
4735
4736
4739
4740
4741
4745
4747
4749
4751
4752
4753
4754
4755
4758
4759
4761
4762
4764
4765
4766
4769
4771
4772
4774
4775
4777
4778
4780
4783
4784
4785
4786
4787
4788
4790
4791
4793
4794
4797
4800
4801
4802
4803
4806
4807
4808
4809
4811
4812
4815
4816
4818
4820
4822
4823
4824
4825
4827
4830
4832
4833
4837
4839
4840
4842
4844
4848
4849
4850
4851
4852
4853
4854
4855
4856
4857
4858
4862
4864
4865
4866
4867
4872
4876
4879
4880
4883
4884
4886
4888
4889
4890
4893
4894
4895
4896
4898
4899
4900
4902
4903
4904
4906
4908
4909
4911
4915
4916
4917
4918
4919
4920
4921
4923
4924
4925
4930
4932
4936
4937
4939
4941
4942
4944
4946
4949
4951
4953
4954
4955
4957
4958
4961
4963
4964
4965
4966
4967
4968
4974
4979
4980
4981
4984
4985
4986
4993
4994
4995
4996
4997
4999
5001
5002
5004
5005
5006
5007
5011
5012
5015
5018
5019
5020
5022
5027
5028
5029
5031
5036
5040
5043
5044
5045
5047
5051
5053
5056
5057
5059
5060
5061
5063
5064
5066
5067
5071
5076
5078
5079
5082
5083
5084
5088
5089
5090
5091
5094
5095
5097
5098
5102
5105
5106
5112
5113
5114
5116
5120
5122
5124
5125
5127
5128
5129
5130
5133
5139
5141
5143
5144
5145
5147
5150
5153
5164
5168
5169
5171
5172
5174
5175
5176
5178
5180
5181
5182
5185
5188
5189
5193
5194
5196
5198
5202
5203
5205
5208
5210
5213
5214
5215
5217
5218
5219
5222
5223
5224
5227
5228
5230
5231
5233
5234
5235
5237
5238
5239
5240
5241
5243
5244
5245
5246
5248
5249
5250
5253
5254
5255
5256
5258
5260
5261
5262
5264
5265
5268
5269
5270
5272
5273
5274
5275
5278
5280
5285
5286
5289
5293
5294
5297
5299
5300
5301
5304
5305
5308
5312
5313
5314
5318
5322
5324
5325
5330
5331
5332
5335
5336
5337
5344
5345
5346
5347
5348
5351
5352
5357
5361
5362
5366
5367
5369
5371
5373
5375
5376
5379
5380
5381
5382
5383
5384
5388
5389
5390
5392
5394
5395
5396
5397
5399
5400
5401
5402
5404
5407
5411
5412
5413
5414
5415
5416
5422
5424
5425
5426
5430
5432
5436
5437
5438
5439
5441
5442
5445
5447
5448
5449
5450
5451
5452
5453
5456
5458
5459
5461
5462
5463
5468
5469
5471
5472
5475
5476
5479
5480
5481
5484
5487
5488
5490
5494
5495
5496
5497
5500
5502
5506
5507
5508
5513
5516
5517
5518
5519
5524
5525
5526
5527
5528
5529
5531
5532
5537
5540
5542
5543
5544
5545
5547
5549
5550
5551
5553
5555
5556
5558
5559
5560
5562
5563
5564
5568
5569
5570
5573
5577
5579
5584
5585
5587
5591
5594
5596
5599
5602
5606
5611
5612
5613
5617
5622
5627
5631
5632
5633
5638
5641
5648
5651
5654
5656
5657
5659
5660
5662
5664
5674
5676
5677
5678
5680
5683
5684
5687
5688
5690
5692
5696
5698
5699
5700
5702
5703
5704
5705
5708
5710
5711
5713
5714
5715
5717
5718
5720
5721
5722
5725
5726
5727
5729
5730
5731
5732
5733
5738
5739
5741
5743
5745
5748
5750
5757
5759
5761
5762
5765
5770
5774
5775
5776
5778
5779
5780
5784
5785
5786
5787
5790
5793
5794
5795
5796
5798
5799
5801
5802
5803
5804
5805
5806
5807
5808
5810
5811
5814
5818
5820
5822
5823
5825
5827
5828
5830
5831
5832
5834
5836
5838
5839
5840
5841
5844
5847
5849
5850
5851
5852
5853
5855
5857
5858
5859
5860
5861
5864
5865
5866
5867
5872
5878
5880
5882
5883
5887
5890
5894
5899
5900
5901
5902
5905
5909
5910
5911
5913
5915
5916
5917
5921
5922
5924
5925
5926
5927
5930
5933
5934
5939
5944
5945
5948
5952
5953
5955
5956
5957
5961
5962
5966
5969
5970
5971
5972
5973
5974
5975
5978
5979
5980
5981
5982
5984
5986
5987
5989
5990
5994
5995
5998
5999
6001
6002
6003
6004
6006
6008
6010
6012
6013
6015
6016
6017
6018
6021
6023
6027
6030
6031
6034
6035
6036
6037
6038
6041
6042
6043
6044
6046
6047
6049
6050
6051
6052
6053
6054
6058
6060
6061
6062
6063
6066
6067
6068
6069
6070
6071
6074
6077
6078
6079
6080
6082
6083
6085
6086
6088
6090
6093
6094
6095
6099
6100
6103
6104
6109
6112
6113
6114
6116
6119
6120
6124
6126
6128
6129
6131
6133
6134
6136
6139
6141
6142
6143
6147
6148
6152
6153
6154
6155
6158
6159
6161
6162
6164
6166
6167
6168
6169
6171
6174
6177
6178
6179
6181
6185
6187
6188
6189
6191
6193
6199
6201
6202
6203
6205
6207
6208
6209
6210
6211
6212
6213
6215
6216
6217
6219
6221
6225
6230
6231
6233
6235
6236
6238
6239
6240
6241
6243
6244
6246
6248
6252
6255
6256
6257
6263
6264
6265
6266
6267
6271
6273
6274
6275
6276
6279
6280
6282
6283
6284
6291
6292
6293
6294
6295
6296
6299
6301
6303
6309
6312
6314
6315
6317
6318
6319
6320
6321
6322
6323
6325
6326
6327
6329
6330
6332
6333
6335
6337
6338
6341
6346
6348
6350
6351
6352
6356
6357
6359
6360
6362
6363
6367
6369
6372
6376
6377
6378
6380
6381
6382
6384
6385
6387
6388
6389
6391
6395
6396
6398
6399
6400
6401
6403
6404
6405
6407
6408
6409
6410
6412
6414
6415
6416
6421
6427
6428
6430
6431
6437
6438
6442
6445
6446
6453
6455
6459
6460
6461
6462
6467
6470
6476
6477
6479
6480
6483
6488
6489
6491
6492
6494
6495
6496
6498
6505
6506
6508
6511
6512
6514
6515
6517
6522
6523
6525
6526
6528
6529
6531
6533
6535
6536
6538
6539
6542
6543
6544
6545
6548
6552
6554
6555
6557
6561
6564
6565
6567
6568
6569
6571
6572
6574
6576
6577
6578
6579
6580
6581
6582
6583
6587
6589
6591
6594
6598
6602
6605
6608
6612
6613
6615
6616
6618
6623
6628
6631
6632
6633
6634
6640
6641
6643
6647
6649
6650
6651
6652
6653
6654
6655
6656
6658
6659
6662
6665
6672
6674
6677
6678
6679
6680
6681
6682
6683
6684
6690
6692
6693
6694
6695
6698
6699
6700
6707
6708
6710
6711
6712
6713
6717
6719
6720
6724
6727
6728
6729
6732
6733
6736
6741
6742
6743
6747
6749
6750
6752
6753
6755
6758
6759
6760
6764
6768
6769
6771
6774
6776
6777
6778
6779
6780
6782
6783
6785
6789
6790
6791
6792
6793
6794
6797
6798
6800
6802
6804
6805
6807
6808
6810
6812
6814
6817
6818
6819
6825
6829
6830
6833
6835
6837
6839
6840
6841
6844
6848
6850
6852
6854
6855
6858
6860
6862
6867
6871
6873
6874
6877
6878
6879
6880
6882
6883
6886
6887
6888
6893
6894
6899
6901
6903
6905
6906
6907
6908
6911
6912
6915
6916
6917
6918
6921
6923
6924
6925
6926
6928
6929
6931
6934
6936
6939
6940
6944
6947
6950
6951
6955
6956
6957
6960
6962
6963
6966
6967
6969
6972
6975
6978
6980
6981
6985
6986
6992
6995
6996
6999
7005
7006
7008
7009
7013
7014
7015
7016
7017
7018
7020
7022
7025
7026
7027
7028
7030
7032
7035
7037
7041
7043
7044
7045
7047
7048
7049
7050
7051
7053
7054
7056
7057
7058
7062
7064
7067
7069
7073
7079
7081
7083
7084
7085
7086
7087
7093
7094
7095
7096
7102
7103
7104
7105
7108
7111
7112
7113
7114
7115
7117
7121
7124
7131
7132
7134
7136
7137
7139
7141
7142
7147
7148
7152
7154
7158
7159
7161
7163
7164
7166
7167
7168
7170
7173
7175
7177
7180
7181
7182
7183
7186
7187
7188
7190
7191
7192
7194
7197
7198
7200
7203
7205
7207
7209
7210
7212
7214
7215
7216
7217
7218
7220
7222
7223
7225
7226
7228
7230
7231
7234
7236
7240
7242
7243
7244
7247
7248
7249
7250
7252
7254
7255
7256
7264
7265
7267
7268
7270
7272
7273
7275
7279
7280
7281
7282
7284
7287
7288
7289
7290
7292
7298
7299
7301
7303
7306
7309
7310
7311
7313
7314
7317
7319
7320
7321
7322
7323
7325
7327
7328
7330
7331
7334
7335
7339
7340
7341
7343
7344
7345
7346
7350
7351
7352
7353
7359
7362
7363
7364
7365
7367
7369
7370
7373
7374
7375
7376
7381
7382
7383
7385
7386
7388
7390
7392
7401
7403
7408
7414
7417
7421
7422
7425
7426
7427
7429
7430
7432
7433
7435
7436
7437
7438
7439
7442
7443
7447
7449
7450
7451
7454
7456
7458
7459
7461
7462
7463
7464
7468
7470
7474
7477
7480
7482
7483
7491
7493
7494
7495
7496
7500
7501
7502
7504
7505
7507
7508
7513
7516
7517
7525
7526
7527
7534
7535
7538
7540
7541
7543
7544
7545
7546
7547
7548
7549
7550
7551
7552
7556
7559
7564
7567
7570
7571
7574
7579
7581
7582
7585
7590
7591
7593
7596
7600
7601
7602
7603
7604
7606
7609
7610
7614
7617
7618
7620
7623
7627
7629
7632
7634
7635
7638
7639
7642
7646
7647
7648
7649
7653
7657
7658
7660
7661
7665
7667
7668
7669
7670
7672
7677
7679
7680
7681
7682
7683
7684
7685
7688
7692
7693
7695
7696
7698
7700
7701
7702
7703
7704
7705
7707
7708
7709
7711
7712
7713
7714
7715
7717
7719
7723
7724
7726
7728
7729
7731
7732
7733
7734
7735
7737
7740
7741
7742
7743
7746
7748
7750
7752
7753
7754
7755
7759
7760
7761
7765
7767
7768
7772
7773
7774
7775
7777
7779
7780
7781
7783
7784
7785
7787
7788
7789
7791
7792
7794
7802
7805
7806
7811
7812
7813
7814
7815
7816
7819
7824
7825
7826
7829
7830
7831
7832
7834
7835
7836
7840
7841
7842
7843
7844
7845
7846
7847
7848
7851
7852
7857
7858
7859
7860
7861
7865
7867
7868
7869
7870
7872
7874
7876
7877
7881
7882
7885
7886
7887
7889
7895
7896
7897
7898
7900
7901
7902
7904
7906
7907
7909
7910
7911
7913
7914
7915
7917
7918
7919
7920
7922
7923
7924
7925
7926
7929
7931
7932
7933
7934
7936
7937
7938
7939
7940
7942
7949
7950
7951
7952
7953
7958
7959
7964
7965
7966
7967
7968
7970
7971
7974
7975
7976
7982
7983
7984
7989
7991
7992
7994
7996
7998
8004
8005
8006
8007
8008
8009
8012
8015
8016
8017
8018
8022
8023
8025
8026
8028
8029
8030
8031
8032
8035
8037
8038
8039
8042
8043
8044
8047
8048
8049
8051
8053
8056
8057
8059
8060
8061
8062
8065
8066
8068
8069
8072
8074
8075
8076
8077
8080
8082
8084
8086
8087
8089
8090
8093
8094
8095
8096
8097
8099
8100
8101
8106
8110
8117
8119
8120
8121
8122
8123
8125
8128
8129
8130
8133
8135
8137
8138
8139
8141
8146
8147
8148
8150
8152
8153
8158
8159
8160
8162
8163
8166
8167
8169
8171
8172
8176
8177
8179
8181
8182
8183
8184
8186
8187
8190
8191
8192
8193
8194
8195
8196
8197
8202
8203
8204
8206
8208
8209
8210
8215
8218
8219
8221
8222
8224
8228
8233
8234
8235
8240
8241
8244
8245
8249
8252
8254
8256
8257
8258
8260
8265
8269
8270
8271
8272
8273
8274
8278
8284
8285
8286
8287
8289
8290
8293
8295
8296
8303
8304
8305
8306
8309
8310
8312
8314
8317
8324
8325
8326
8329
8334
8335
8336
8338
8343
8344
8345
8346
8350
8351
8359
8360
8366
8367
8368
8369
8371
8372
8373
8374
8376
8380
8381
8382
8383
8385
8386
8387
8389
8391
8393
8394
8396
8398
8399
8400
8401
8404
8405
8411
8413
8416
8418
8419
8420
8421
8423
8424
8429
8430
8432
8433
8436
8438
8439
8440
8442
8443
8448
8454
8455
8456
8458
8459
8460
8461
8462
8468
8470
8472
8474
8475
8476
8477
8481
8484
8490
8492
8493
8498
8499
8500
8504
8505
8506
8508
8512
8513
8516
8518
8519
8521
8524
8525
8528
8529
8531
8532
8533
8536
8537
8544
8547
8551
8552
8553
8554
8557
8558
8560
8561
8562
8564
8565
8567
8568
8569
8570
8571
8574
8575
8577
8578
8582
8583
8584
8585
8586
8587
8590
8594
8599
8602
8606
8607
8610
8612
8613
8615
8618
8620
8621
8622
8623
8628
8629
8632
8634
8640
8641
8642
8643
8645
8646
8647
8648
8650
8653
8654
8655
8657
8658
8659
8661
8665
8666
8667
8672
8673
8675
8676
8678
8680
8683
8685
8686
8692
8693
8694
8696
8697
8698
8699
8700
8703
8705
8707
8708
8709
8711
8713
8715
8718
8719
8720
8722
8728
8729
8731
8732
8733
8734
8735
8737
8740
8744
8746
8750
8751
8752
8754
8757
8758
8760
8767
8768
8771
8773
8774
8775
8776
8777
8778
8779
8780
8781
8783
8785
8789
8791
8795
8796
8797
8800
8802
8803
8804
8806
8807
8808
8809
8810
8812
8815
8816
8818
8820
8822
8825
8829
8834
8836
8837
8838
8839
8841
8843
8854
8855
8856
8857
8859
8860
8863
8865
8866
8867
8868
8869
8871
8872
8873
8874
8875
8877
8878
8883
8884
8887
8888
8889
8891
8892
8893
8895
8897
8898
8901
8903
8904
8905
8908
8909
8910
8911
8912
8914
8915
8916
8917
8918
8919
8920
8921
8927
8929
8930
8931
8934
8935
8936
8939
8940
8945
8946
8947
8948
8949
8952
8955
8956
8960
8964
8968
8969
8970
8971
8974
8975
8976
8977
8978
8983
8985
8987
8988
8990
8992
8993
8997
9000
9002
9005
9008
9014
9015
9016
9018
9020
9021
9022
9025
9027
9031
9032
9037
9038
9039
9040
9041
9043
9044
9047
9048
9052
9053
9055
9056
9058
9060
9061
9062
9063
9064
9065
9067
9068
9069
9070
9072
9074
9075
9076
9077
9079
9080
9081
9082
9084
9086
9087
9088
9089
9090
9091
9092
9093
9095
9096
9097
9109
9110
9112
9115
9118
9119
9120
9123
9125
9126
9128
9130
9133
9134
9140
9141
9143
9144
9145
9146
9147
9149
9152
9154
9155
9163
9165
9167
9168
9173
9174
9175
9178
9179
9180
9183
9185
9187
9188
9189
9191
9194
9196
9197
9198
9200
9204
9205
9207
9208
9212
9213
9217
9220
9221
9222
9223
9224
9226
9233
9234
9237
9238
9240
9241
9242
9245
9248
9249
9250
9259
9261
9263
9264
9267
9269
9270
9272
9273
9274
9275
9276
9278
9279
9282
9284
9285
9287
9289
9293
9294
9295
9296
9297
9300
9305
9307
9309
9313
9314
9315
9316
9319
9322
9323
9326
9328
9329
9331
9334
9335
9336
9337
9338
9339
9342
9343
9345
9346
9348
9350
9352
9353
9354
9355
9356
9357
9358
9360
9365
9367
9368
9370
9371
9372
9379
9381
9382
9383
9384
9385
9387
9388
