1
2
4
8
9
10
13
14
15
16
18
21
23
28
29
30
31
32
33
36
38
40
41
42
43
44
45
53
54
57
59
61
64
65
67
69
72
82
84
85
88
90
92
93
94
95
99
100
107
108
109
110
112
113
114
115
117
122
123
124
125
126
127
129
131
132
136
138
142
144
145
146
147
148
150
152
153
156
157
161
162
163
164
167
170
174
177
178
179
180
181
182
183
188
189
191
193
194
195
199
200
201
202
203
206
207
210
214
215
216
218
220
221
223
224
229
230
231
233
240
241
242
251
253
257
258
259
261
262
263
265
266
267
269
271
273
274
275
276
279
282
284
288
289
293
295
297
299
301
302
303
305
307
311
312
314
315
318
319
321
324
330
331
332
335
337
339
341
344
349
350
352
353
355
359
360
362
363
367
368
370
371
373
374
376
377
378
382
384
385
386
389
392
393
394
400
401
402
403
404
407
409
411
413
416
417
418
419
420
421
424
425
430
431
437
439
440
442
445
447
448
450
453
455
456
457
458
459
463
464
466
467
469
471
477
478
480
481
482
486
488
489
492
493
494
496
497
498
501
502
503
506
508
509
512
513
515
516
517
524
528
529
531
535
537
542
545
546
547
550
551
552
553
555
557
562
563
566
567
568
569
576
582
590
591
592
593
596
597
602
604
611
615
616
619
620
622
625
626
628
635
636
637
641
644
645
646
649
655
656
661
664
667
668
669
670
672
674
676
680
681
682
683
684
685
688
689
691
692
693
696
697
698
700
701
702
705
708
711
712
713
714
715
718
719
720
721
722
723
724
730
731
733
735
742
743
747
750
751
755
758
759
762
763
764
765
767
770
771
775
779
782
783
784
785
787
789
790
791
796
797
800
801
803
805
806
807
809
811
812
813
814
815
816
817
818
819
821
823
825
826
828
829
834
835
839
840
842
843
846
848
849
851
853
855
856
857
859
863
866
868
870
873
875
877
879
880
881
882
884
885
886
887
891
893
895
897
902
904
906
907
909
910
912
914
915
918
919
920
923
925
929
930
933
936
937
938
940
942
944
947
949
950
952
957
960
965
966
970
973
976
978
982
983
984
987
989
991
994
996
1000
1002
1003
1005
1006
1007
1010
1012
1014
1017
1018
1020
1021
1025
1029
1030
1031
1032
1034
1035
1036
1038
1047
1051
1052
1054
1056
1060
1062
1065
1066
1070
1073
1074
1075
1076
1077
1081
1082
1084
1086
1087
1088
1090
1092
1094
1098
1099
1103
1105
1106
1108
1112
1117
1118
1120
1121
1124
1125
1126
1127
1128
1129
1131
1133
1137
1138
1139
1144
1147
1150
1151
1155
1159
1161
1166
1167
1169
1176
1177
1178
1182
1185
1186
1189
1192
1193
1196
1197
1198
1199
1200
1201
1202
1203
1205
1206
1207
1210
1211
1215
1216
1221
1223
1224
1228
1229
1231
1233
1234
1241
1243
1244
1248
1250
1253
1259
1260
1261
1265
1266
1267
1268
1270
1276
1277
1278
1279
1281
1283
1284
1285
1287
1289
1290
1294
1296
1297
1298
1302
1303
1305
1306
1307
1308
1310
1312
1313
1315
1316
1320
1323
1326
1328
1329
1330
1331
1336
1338
1344
1347
1350
1352
1353
1358
1360
1362
1364
1367
1372
1376
1377
1383
1384
1388
1389
1390
1392
1394
1398
1399
1405
1408
1409
1411
1414
1416
1418
1419
1420
1425
1427
1433
1437
1439
1440
1441
1442
1443
1444
1452
1453
1454
1455
1460
1461
1462
1463
1464
1466
1475
1476
1482
1483
1485
1487
1488
1489
1493
1496
1506
1508
1516
1518
1521
1524
1525
1526
1527
1529
1530
1533
1535
1538
1539
1542
1543
1547
1548
1550
1551
1556
1559
1562
1567
1569
1570
1573
1574
1575
1578
1580
1583
1590
1591
1596
1597
1601
1604
1606
1607
1609
1610
1612
1614
1615
1617
1618
1621
1623
1624
1625
1626
1629
1632
1633
1634
1636
1637
1641
1647
1648
1649
1650
1651
1653
1655
1656
1658
1659
1660
1661
1662
1663
1665
1667
1672
1676
1677
1678
1679
1680
1681
1683
1684
1685
1688
1689
1690
1692
1693
1694
1695
1696
1700
1701
1703
1705
1707
1709
1710
1712
1717
1724
1726
1728
1733
1735
1737
1739
1741
1743
1744
1748
1751
1752
1754
1755
1756
1757
1761
1764
1765
1768
1769
1770
1771
1772
1773
1777
1780
1784
1785
1786
1787
1789
1791
1800
1801
1803
1804
1806
1808
1810
1811
1818
1821
1823
1827
1829
1832
1834
1835
1837
1838
1841
1843
1848
1852
1853
1856
1857
1858
1859
1862
1863
1864
1866
1873
1874
1875
1876
1877
1878
1879
1881
1884
1885
1888
1890
1891
1893
1894
1895
1896
1897
1898
1900
1904
1906
1907
1912
1914
1916
1917
1918
1919
1922
1924
1925
1926
1928
1930
1931
1940
1941
1944
1945
1946
1947
1952
1953
1954
1959
1960
1962
1963
1964
1965
1966
1967
1968
1969
1975
1977
1978
1979
1984
1985
1988
1989
1990
1991
1992
1993
1995
1998
1999
2000
2003
2007
2009
2010
2012
2014
2015
2017
2020
2021
2024
2029
2031
2033
2037
2040
2042
2044
2046
2050
2052
2054
2058
2061
2062
2063
2064
2066
2068
2070
2071
2074
2075
2076
2078
2079
2081
2083
2084
2086
2087
2088
2089
2090
2091
2093
2098
2099
2100
2105
2106
2108
2111
2114
2115
2117
2118
2119
2120
2122
2123
2126
2127
2129
2130
2131
2133
2138
2139
2140
2142
2143
2145
2149
2152
2155
2156
2163
2167
2168
2169
2171
2174
2176
2177
2181
2184
2185
2187
2188
2189
2195
2196
2197
2200
2205
2206
2208
2209
2211
2213
2214
2217
2220
2222
2223
2224
2228
2232
2235
2238
2239
2240
2241
2242
2243
2244
2247
2248
2249
2253
2260
2261
2262
2263
2265
2266
2270
2271
2274
2275
2281
2284
2285
2286
2287
2289
2291
2300
2301
2302
2305
2307
2309
2310
2311
2313
2315
2318
2319
2320
2322
2323
2325
2326
2329
2330
2331
2334
2336
2338
2339
2340
2341
2343
2344
2347
2351
2357
2359
2362
2363
2364
2365
2368
2370
2374
2376
2379
2381
2387
2388
2389
2390
2392
2396
2404
2409
2411
2412
2413
2419
2420
2421
2423
2425
2426
2427
2428
2429
2430
2434
2436
2438
2439
2441
2443
2444
2445
2446
2447
2448
2452
2455
2459
2461
2464
2467
2468
2469
2472
2473
2476
2478
2481
2482
2483
2484
2487
2491
2492
2499
2503
2506
2509
2512
2513
2514
2518
2519
2521
2524
2525
2531
2532
2535
2537
2538
2539
2541
2543
2544
2545
2547
2549
2550
2552
2554
2557
2559
2561
2563
2566
2567
2569
2571
2572
2573
2576
2577
2579
2580
2585
2588
2590
2594
2595
2598
2603
2606
2608
2609
2610
2611
2613
2622
2624
2627
2628
2629
2631
2637
2639
2641
2645
2648
2650
2651
2653
2654
2655
2656
2657
2661
2666
2667
2669
2671
2672
2674
2676
2677
2679
2682
2684
2685
2692
2693
2694
2696
2698
2700
2705
2708
2712
2714
2716
2717
2718
2719
2720
2721
2722
2723
2726
2731
2733
2736
2738
2739
2740
2744
2746
2748
2749
2750
2751
2752
2757
2760
2762
2765
2766
2767
2770
2774
2775
2776
2780
2781
2782
2783
2786
2788
2792
2793
2795
2797
2798
2803
2804
2805
2806
2807
2808
2809
2810
2812
2815
2818
2819
2825
2826
2827
2829
2830
2833
2834
2836
2839
2840
2841
2844
2845
2846
2847
2848
2849
2853
2854
2859
2860
2864
2865
2866
2867
2869
2870
2871
2872
2873
2874
2875
2876
2877
2880
2883
2884
2885
2888
2891
2898
2899
2902
2904
2905
2906
2907
2908
2909
2911
2912
2914
2916
2917
2920
2921
2922
2923
2924
2925
2928
2931
2934
2935
2936
2937
2938
2939
2941
2943
2944
2945
2949
2951
2953
2954
2955
2956
2963
2964
2976
2979
2980
2981
2982
2985
2988
2989
2990
2993
2996
2998
3000
3001
3002
3003
3006
3010
3017
3018
3021
3022
3024
3029
3030
3036
3040
3044
3046
3048
3053
3057
3058
3059
3060
3066
3070
3072
3074
3075
3078
3082
3086
3091
3094
3095
3098
3099
3100
3101
3102
3104
3106
3108
3109
3111
3112
3113
3114
3115
3116
3118
3122
3127
3129
3130
3131
3132
3134
3135
3136
3137
3139
3143
3145
3149
3150
3153
3155
3157
3158
3159
3161
3164
3166
3167
3173
3174
3175
3177
3178
3180
3183
3185
3190
3192
3196
3197
3199
3200
3201
3204
3207
3208
3210
3211
3212
3215
3216
3217
3218
3222
3223
3224
3225
3226
3229
3241
3245
3247
3248
3249
3250
3253
3254
3255
3258
3260
3264
3266
3267
3268
3275
3276
3279
3281
3282
3283
3286
3289
3290
3298
3300
3303
3306
3307
3313
3315
3316
3319
3321
3326
3327
3328
3330
3331
3332
3334
3335
3336
3337
3338
3340
3341
3343
3345
3346
3347
3349
3351
3354
3356
3357
3358
3360
3362
3364
3366
3367
3371
3372
3373
3375
3376
3377
3382
3383
3385
3386
3389
3395
3397
3398
3399
3404
3405
3406
3407
3410
3415
3417
3418
3423
3425
3428
3430
3431
3432
3434
3435
3439
3440
3442
3443
3446
3447
3449
3457
3463
3464
3466
3469
3470
3472
3476
3478
3479
3481
3482
3483
3484
3485
3486
3488
3489
3493
3494
3495
3497
3499
3502
3507
3508
3511
3515
3519
3520
3524
3526
3531
3533
3534
3535
3537
3539
3543
3545
3546
3547
3548
3549
3550
3551
3553
3554
3557
3563
3575
3579
3581
3582
3583
3585
3587
3589
3592
3593
3595
3596
3597
3598
3600
3602
3603
3607
3611
3612
3613
3614
3615
3616
3617
3620
3622
3623
3625
3626
3629
3630
3632
3634
3637
3639
3641
3646
3649
3651
3652
3653
3655
3657
3659
3660
3665
3669
3670
3671
3673
3674
3675
3676
3677
3679
3680
3684
3686
3687
3691
3693
3694
3697
3699
3701
3705
3709
3711
3714
3719
3722
3732
3733
3734
3736
3740
3742
3743
3746
3748
3749
3754
3755
3757
3758
3759
3760
3762
3765
3766
3768
3769
3771
3772
3774
3776
3779
3783
3784
3785
3787
3791
3792
3793
3797
3798
3799
3804
3805
3806
3807
3809
3811
3812
3815
3816
3817
3819
3820
3821
3822
3828
3831
3834
3839
3843
3844
3848
3850
3852
3853
3854
3858
3861
3862
3867
3868
3869
3870
3872
3873
3877
3879
3887
3888
3889
3890
3891
3892
3893
3896
3898
3899
3901
3902
3904
3905
3907
3912
3914
3917
3918
3921
3922
3927
3928
3930
3931
3934
3938
3942
3943
3944
3946
3947
3952
3954
3955
3958
3961
3962
3965
3966
3967
3972
3974
3977
3978
3979
3982
3985
3987
3988
3990
3992
3993
3995
3996
3997
4001
4002
4003
4006
4008
4009
4012
4013
4015
4018
4020
4021
4024
4026
4029
4031
4038
4039
4040
4042
4045
4047
4048
4049
4050
4054
4058
4061
4063
4065
4066
4068
4069
4070
4071
4072
4079
4083
4086
4087
4088
4089
4094
4096
4098
4099
4100
4105
4107
4110
4114
4116
4118
4119
4120
4122
4126
4129
4130
4131
4134
4135
4137
4139
4143
4144
4146
4149
4150
4152
4153
4157
4158
4159
4160
4161
4165
4166
4168
4169
4170
4175
4177
4179
4180
4183
4185
4187
4188
4189
4192
4196
4201
4204
4205
4207
4208
4210
4213
4214
4215
4217
4228
4229
4232
4233
4234
4236
4237
4238
4239
4242
4247
4248
4250
4253
4255
4258
4259
4260
4262
4263
4265
4269
4272
4274
4278
4279
4282
4283
4284
4285
4287
4289
4290
4294
4295
4296
4302
4303
4305
4308
4310
4311
4312
4314
4315
4320
4321
4322
4323
4325
4326
4328
4331
4334
4336
4338
4339
4344
4345
4347
4348
4349
4351
4354
4356
4357
4359
4362
4363
4364
4369
4370
4371
4372
4373
4375
4377
4379
4382
4385
4388
4389
4392
4393
4396
4397
4398
4399
4400
4402
4409
4411
4417
4418
4421
4425
4427
4429
4430
4433
4435
4436
4437
4439
4444
4446
4447
4448
4456
4458
4460
4462
4463
4465
4466
4471
4474
4475
4476
4478
4480
4485
4486
4493
4494
4495
4497
4498
4499
4504
4505
4506
4507
4510
4511
4512
4523
4524
4527
4532
4533
4534
4535
4536
4540
4542
4543
4545
4548
4549
4550
4551
4553
4554
4557
4558
4562
4563
4564
4570
4574
4575
4576
4577
4578
4581
4582
4585
4588
4592
4595
4597
4598
4602
4610
4615
4617
4618
4620
4621
4622
4623
4632
4633
4634
4635
4637
4638
4642
4644
4648
4654
4655
4656
4659
4660
4661
4662
4665
4666
4667
4670
4671
4672
4673
4677
4678
4679
4680
4684
4687
4688
4692
4693
4694
4696
4697
4698
4699
4700
4702
4705
4707
4709
4713
4718
4719
4721
4724
4727
4730
4731
4732
4733
4735
4737
4738
4739
4740
4744
4745
4747
4748
4751
4754
4760
4762
4763
4766
4767
4770
4771
4775
4780
4781
4782
4789
4793
4797
4799
4801
4802
4804
4806
4807
4808
4810
4811
4814
4820
4821
4822
4823
4826
4829
4836
4839
4840
4841
4844
4846
4847
4851
4852
4856
4858
4862
4863
4864
4870
4872
4875
4878
4879
4880
4881
4883
4884
4885
4889
4892
4893
4896
4899
4900
4904
4908
4909
4913
4919
4922
4923
4928
4929
4930
4931
4933
4934
4936
4939
4941
4942
4943
4946
4949
4950
4951
4954
4957
4958
4960
4961
4962
4964
4966
4967
4968
4969
4971
4977
4980
4981
4985
4989
4990
4993
4994
4995
4996
4997
4998
5000
5002
5003
5007
5008
5010
5014
5015
5016
5020
5022
5023
5028
5029
5035
5036
5038
5039
5040
5043
5046
5047
5049
5050
5051
5053
5060
5063
5064
5065
5067
5068
5069
5071
5072
5073
5075
5076
5077
5079
5081
5088
5089
5091
5092
5095
5096
5097
5099
5100
5101
5102
5104
5106
5107
5108
5112
5118
5121
5122
5123
5125
5126
5127
5130
5131
5134
5136
5138
5139
5140
5142
5145
5146
5147
5148
5151
5152
5153
5159
5160
5161
5162
5163
5169
5170
5173
5176
5179
5180
5182
5183
5186
5189
5190
5191
5194
5197
5198
5200
5202
5203
5205
5206
5209
5210
5213
5215
5216
5222
5223
5224
5226
5227
5231
5232
5233
5235
5237
5238
5239
5241
5247
5249
5252
5254
5255
5257
5258
5260
5261
5262
5263
5269
5270
5271
5276
5278
5281
5285
5287
5288
5289
5291
5293
5294
5296
5297
5298
5300
5302
5303
5304
5305
5306
5307
5308
5309
5311
5312
5313
5314
5320
5321
5326
5327
5328
5330
5332
5333
5334
5339
5340
5344
5346
5347
5348
5351
5352
5353
5356
5357
5359
5362
5367
5368
5371
5373
5374
5375
5376
5377
5379
5380
5381
5382
5383
5385
5388
5391
5394
5395
5396
5399
5400
5401
5406
5407
5409
5411
5413
5415
5419
5420
5422
5426
5428
5429
5431
5432
5433
5434
5436
5440
5442
5443
5447
5448
5450
5451
5454
5456
5458
5459
5462
5472
5477
5479
5481
5484
5488
5491
5495
5500
5502
5503
5506
5507
5508
5513
5520
5522
5523
5525
5530
5534
5538
5540
5541
5544
5546
5548
5554
5555
5558
5561
5563
5565
5566
5569
5574
5575
5576
5577
5581
5588
5590
5592
5593
5595
5596
5597
5600
5603
5604
5605
5608
5609
5610
5611
5613
5617
5618
5620
5621
5623
5626
5635
5636
5638
5640
5643
5645
5646
5647
5650
5651
5653
5654
5655
5656
5659
5662
5663
5664
5666
5668
5676
5680
5682
5683
5688
5693
5696
5697
5701
5702
5704
5705
5715
5716
5717
5718
5721
5722
5724
5725
5733
5734
5736
5738
5741
5742
5743
5749
5751
5754
5758
5759
5764
5765
5766
5768
5773
5774
5776
5777
5778
5779
5782
5783
5784
5787
5790
5791
5792
5793
5794
5795
5799
5801
5806
5811
5812
5813
5814
5817
5818
5823
5826
5827
5831
5833
5836
5837
5839
5841
5846
5847
5851
5855
5856
5857
5858
5861
5862
5863
5867
5868
5870
5871
5874
5875
5876
5877
5879
5881
5882
5883
5886
5887
5891
5893
5894
5895
5898
5900
5901
5903
5905
5909
5912
5913
5914
5915
5916
5920
5922
5924
5925
5926
5928
5932
5941
5942
5943
5945
5947
5949
5950
5954
5956
5957
5960
5962
5965
5967
5969
5970
5971
5972
5974
5976
5978
5979
5983
5984
5985
5988
5992
5997
6000
6001
6005
6006
6008
6011
6016
6017
6019
6020
6022
6024
6027
6030
6033
6034
6037
6039
6042
6043
6044
6048
6051
6052
6053
6055
6056
6057
6059
6062
6063
6065
6066
6067
6070
6073
6074
6075
6076
6077
6079
6080
6081
6083
6084
6085
6086
6087
6089
6091
6092
6097
6098
6099
6101
6105
6107
6109
6111
6112
6115
6118
6120
6121
6123
6124
6126
6128
6129
6130
6131
6133
6135
6137
6139
6140
6141
6142
6143
6145
6147
6148
6149
6152
6153
6154
6156
6158
6160
6161
6162
6163
6166
6167
6168
6170
6174
6176
6177
6178
6183
6185
6191
6193
6198
6199
6202
6203
6204
6205
6208
6209
6211
6212
6218
6219
6220
6222
6223
6224
6226
6230
6231
6233
6234
6236
6237
6239
6240
6243
6245
6246
6249
6260
6261
6262
6263
6264
6265
6266
6272
6276
6278
6279
6280
6281
6282
6284
6285
6286
6288
6289
6294
6296
6298
6299
6300
6301
6302
6303
6306
6308
6310
6311
6313
6315
6317
6321
6324
6325
6327
6330
6331
6335
6337
6338
6340
6341
6342
6343
6350
6353
6355
6357
6358
6359
6364
6365
6370
6379
6381
6382
6383
6384
6385
6387
6389
6392
6396
6401
6402
6405
6406
6410
6413
6414
6417
6418
6419
6420
6421
6422
6423
6424
6425
6426
6430
6432
6435
6436
6442
6443
6444
6445
6446
6448
6450
6452
6453
6456
6457
6458
6459
6464
6467
6469
6470
6472
6473
6474
6475
6478
6482
6484
6486
6487
6491
6492
6493
6494
6495
6500
6503
6504
6506
6507
6508
6510
6511
6513
6515
6517
6530
6532
6533
6537
6538
6539
6540
6542
6546
6548
6550
6553
6554
6556
6557
6559
6561
6567
6569
6571
6572
6575
6576
6578
6580
6581
6583
6585
6587
6589
6590
6591
6592
6595
6601
6602
6604
6605
6606
6607
6613
6617
6618
6624
6625
6626
6627
6628
6631
6632
6634
6639
6644
6645
6646
6650
6651
6653
6656
6657
6658
6659
6660
6661
6662
6664
6666
6667
6668
6670
6672
6678
6682
6683
6689
6690
6692
6695
6696
6698
6699
6702
6704
6705
6708
6709
6710
6712
6714
6716
6720
6721
6722
6724
6726
6728
6730
6731
6732
6733
6736
6737
6739
6740
6742
6743
6745
6747
6748
6749
6750
6757
6765
6773
6777
6787
6789
6791
6794
6798
6799
6800
6803
6809
6810
6814
6815
6820
6822
6823
6824
6825
6831
6833
6834
6841
6842
6846
6848
6849
6850
6851
6852
6858
6859
6860
6863
6864
6868
6869
6872
6874
6875
6877
6878
6879
6880
6881
6883
6884
6885
6886
6887
6892
6895
6896
6897
6900
6902
6903
6904
6907
6908
6909
6910
6917
6918
6923
6924
6926
6929
6931
6933
6934
6935
6942
6944
6948
6954
6955
6958
6960
6961
6963
6973
6974
6976
6977
6978
6981
6982
6984
6985
6987
6990
6992
6996
6997
6999
7003
7007
7010
7014
7016
7019
7020
7021
7023
7024
7025
7028
7030
7034
7035
7036
7039
7041
7047
7049
7051
7057
7060
7061
7066
7067
7069
7072
7073
7075
7077
7081
7082
7083
7086
7088
7090
7091
7094
7095
7097
7098
7100
7101
7105
7107
7109
7111
7112
7113
7114
7115
7116
7117
7121
7122
7123
7124
7125
7129
7130
7132
7137
7138
7143
7144
7145
7146
7148
7149
7150
7155
7158
7162
7163
7166
7167
7168
7170
7179
7180
7182
7184
7185
7186
7188
7190
7200
7207
7208
7210
7211
7214
7215
7216
7222
7224
7225
7228
7230
7232
7239
7240
7241
7244
7245
7249
7253
7258
7259
7262
7263
7268
7270
7271
7273
7275
7278
7280
7281
7282
7285
7286
7288
7291
7293
7294
7301
7303
7305
7307
7308
7310
7311
7312
7315
7321
7322
7323
7325
7330
7333
7337
7339
7340
7345
7347
7348
7350
7352
7354
7357
7360
7361
7362
7363
7364
7366
7371
7372
7373
7374
7375
7377
7378
7379
7381
7382
7383
7385
7387
7389
7391
7393
7394
7395
7396
7398
7408
7409
7410
7411
7412
7413
7414
7416
7419
7420
7421
7426
7428
7429
7431
7432
7434
7435
7436
7437
7438
7442
7443
7449
7450
7454
7455
7456
7458
7461
7463
7466
7470
7473
7475
7478
7479
7483
7486
7488
7490
7493
7503
7504
7505
7511
7513
7514
7516
7517
7518
7521
7524
7527
7529
7530
7534
7537
7541
7544
7546
7547
7550
7551
7552
7557
7558
7559
7560
7562
7567
7568
7573
7576
7577
7579
7580
7581
7582
7586
7589
7590
7593
7594
7595
7598
7600
7601
7602
7605
7608
7612
7613
7618
7619
7621
7623
7624
7625
7629
7632
7634
7635
7639
7641
7642
7644
7645
7647
7648
7650
7652
7653
7654
7655
7656
7657
7658
7659
7661
7662
7665
7666
7667
7668
7669
7676
7677
7678
7679
7686
7687
7691
7693
7694
7697
7699
7701
7702
7703
7704
7707
7708
7709
7713
7714
7717
7719
7724
7725
7726
7727
7731
7732
7733
7735
7736
7739
7741
7742
7744
7745
7746
7748
7750
7751
7752
7753
7754
7755
7758
7759
7762
7766
7768
7770
7771
7772
7774
7776
7777
7781
7782
7788
7792
7796
7797
7799
7801
7803
7804
7805
7806
7807
7808
7811
7813
7816
7818
7819
7821
7823
7824
7827
7828
7834
7836
7837
7839
7840
7841
7844
7845
7846
7847
7856
7857
7860
7863
7866
7869
7870
7871
7872
7876
7877
7879
7884
7885
7890
7891
7892
7894
7898
7899
7900
7903
7911
7913
7915
7916
7919
7924
7925
7927
7928
7929
7930
7934
7935
7937
7939
7941
7942
7947
7953
7954
7955
7957
7958
7960
7962
7963
7964
7965
7967
7971
7973
7975
7976
7978
7980
7986
7987
7988
7992
7995
7996
7997
7999
8000
8002
8008
8009
8013
8017
8023
8024
8027
8028
8029
8030
8032
8033
8034
8035
8036
8038
8041
8042
8043
8051
8053
8057
8061
8066
8069
8074
8076
8078
8079
8081
8083
8084
8085
8086
8087
8088
8090
8091
8093
8095
8096
8097
8102
8103
8105
8106
8108
8109
8110
8111
8112
8116
8121
8122
8123
8124
8125
8126
8127
8130
8131
8132
8134
8136
8138
8144
8151
8154
8156
8159
8164
8165
8167
8168
8169
8170
8172
8173
8176
8180
8182
8184
8185
8186
8187
8188
8192
8194
8196
8199
8200
8203
8204
8208
8211
8215
8216
8219
8224
8225
8227
8228
8229
8231
8235
8236
8239
8240
8241
8243
8245
8246
8251
8253
8256
8257
8260
8261
8265
8268
8270
8271
8276
8278
8279
8280
8282
8283
8284
8285
8286
8287
8288
8289
8290
8297
8299
8300
8301
8302
8304
8308
8309
8315
8316
8318
8319
8321
8322
8323
8324
8328
8329
8331
8332
8335
8337
8338
8341
8343
8347
8351
8353
8354
8362
8364
8366
8369
8371
8372
8373
8374
8375
8376
8378
8381
8383
8384
8386
8387
8388
8389
8391
8393
8394
8400
8403
8405
8406
8408
8409
8410
8411
8413
8415
8418
8420
8421
8422
8427
8430
8431
8432
8433
8434
8437
8438
8441
8442
8443
8444
8446
8449
8451
8453
8455
8458
8463
8464
8470
8471
8475
8476
8478
8479
8480
8481
8482
8483
8484
8485
8488
8489
8492
8496
8497
8498
8500
8501
8503
8505
8506
8508
8512
8514
8515
8517
8518
8522
8523
8524
8525
8526
8528
8529
8530
8531
8533
8535
8536
8537
8538
8540
8541
8542
8543
8545
8549
8551
8556
8558
8559
8560
8561
8562
8563
8564
8567
8570
8574
8575
8576
8582
8586
8591
8592
8593
8601
8602
8603
8608
8609
8612
8615
8616
8617
8618
8621
8625
8626
8632
8634
8637
8638
8639
8641
8643
8645
8646
8653
8656
8657
8659
8660
8661
8662
8664
8669
8670
8671
8672
8674
8675
8677
8681
8682
8684
8687
8688
8693
8695
8696
8702
8704
8706
8707
8710
8714
8715
8717
8718
8721
8722
8723
8726
8731
8733
8734
8735
8737
8738
8740
8741
8746
8748
8749
8755
8758
8761
8762
8764
8765
8766
8768
8771
8772
8773
8775
8776
8777
8778
8779
8780
8783
8785
8786
8787
8788
8789
8793
8794
8795
8798
8800
8802
8803
8804
8805
8807
8809
8810
8813
8815
8816
8817
8818
8819
8822
8825
8826
8827
8828
8829
8830
8832
8834
8835
8837
8840
8842
8843
8844
8845
8846
8847
8848
8850
8851
8853
8854
8855
8858
8862
8864
8865
8868
8869
8871
8872
8873
8877
8878
8882
8883
8885
8892
8893
8895
8899
8902
8905
8906
8907
8908
8917
8918
8920
8923
8930
8933
8934
8937
8939
8940
8942
8944
8947
8949
8957
8960
8962
8963
8964
8965
8966
8967
8970
8971
8972
8974
8978
8980
8981
8982
8983
8986
8987
8988
8990
8991
8994
8997
8998
8999
9001
9004
9007
9010
9011
9012
9013
9015
9016
9019
9021
9026
9028
9029
9035
9037
9038
9041
9042
9043
9045
9046
9048
9049
9055
9056
9058
9064
9067
9069
9071
9074
9075
9076
9077
9080
9084
9088
9089
9092
9094
9098
9100
9101
9102
9107
9110
9111
9113
9114
9115
9117
9118
9119
9120
9123
9124
9125
9129
9131
9132
9133
9135
9140
9142
9143
9144
9145
9147
9149
9151
9153
9155
9156
9159
9160
9163
9164
9165
9170
9171
9172
9176
9177
9178
9179
9181
9184
9185
9186
9188
9189
9190
9191
9192
9193
9194
9195
9196
9197
9201
9203
9205
9208
9209
9220
9224
9227
9228
9231
9232
9235
9237
9239
9240
9241
9242
9243
9244
9245
9246
9247
9249
9250
9252
9254
9255
9257
9260
9263
9265
9266
9269
9275
9276
9277
9278
9280
9282
9283
9286
9287
9294
9296
9297
9298
9302
9303
9305
9308
9309
9311
9313
9315
9318
9321
9322
9324
9325
9327
9328
9331
9333
9334
9336
9337
9338
9339
9340
9341
9342
9344
9346
9348
9349
9351
9352
9353
9355
9358
9361
9366
9369
9371
9372
9373
9375
9376
9377
9378
9382
9385
9387
