6
10
11
17
21
46
53
56
64
70
71
72
74
90
93
94
97
100
103
107
109
115
118
119
121
123
126
129
130
134
137
142
150
151
159
166
169
171
174
175
176
178
182
184
186
191
202
204
206
207
222
224
228
232
245
251
253
254
256
258
259
260
264
270
271
274
275
286
294
295
301
311
312
313
320
323
330
338
342
344
346
351
358
362
367
371
372
377
384
394
396
407
410
411
412
414
418
419
421
422
424
426
434
441
444
446
451
452
455
457
467
471
472
478
486
490
500
505
507
509
515
516
518
522
524
527
529
537
551
558
564
568
569
582
585
593
595
598
604
606
612
614
616
621
625
632
633
635
636
638
641
642
646
653
654
656
657
660
662
683
684
687
693
695
708
711
714
725
727
729
731
734
735
736
739
741
742
748
754
755
756
762
767
769
779
793
794
796
797
808
817
820
826
827
830
833
840
843
851
853
854
883
884
890
891
896
909
917
921
931
933
936
939
941
944
945
946
949
952
956
963
967
969
971
980
987
988
999
1001
1002
1005
1009
1011
1015
1016
1021
1023
1024
1025
1028
1029
1030
1031
1033
1034
1038
1041
1047
1051
1052
1053
1056
1058
1064
1065
1069
1073
1082
1085
1086
1087
1089
1094
1096
1098
1100
1101
1102
1104
1106
1109
1111
1113
1115
1127
1128
1136
1141
1155
1157
1160
1161
1162
1164
1165
1175
1178
1179
1181
1189
1194
1196
1199
1204
1217
1222
1226
1229
1234
1237
1242
1243
1245
1246
1250
1251
1253
1258
1279
1283
1284
1285
1290
1292
1293
1307
1309
1310
1314
1329
1333
1334
1345
1349
1357
1371
1382
1383
1392
1396
1402
1404
1406
1416
1431
1435
1436
1438
1439
1447
1448
1449
1451
1452
1457
1458
1462
1469
1475
1479
1483
1485
1488
1496
1497
1498
1499
1501
1503
1507
1511
1512
1513
1518
1522
1524
1529
1532
1537
1544
1547
1550
1551
1552
1562
1566
1574
1581
1586
1589
1597
1600
1607
1609
1610
1612
1614
1624
1625
1626
1627
1631
1635
1637
1638
1640
1641
1642
1643
1644
1649
1654
1658
1661
1667
1678
1681
1682
1683
1685
1687
1698
1703
1706
1707
1712
1713
1715
1717
1723
1732
1746
1748
1750
1751
1759
1760
1769
1775
1777
1791
1794
1795
1802
1804
1811
1817
1819
1821
1822
1825
1827
1832
1835
1839
1840
1841
1843
1847
1850
1856
1859
1860
1866
1867
1871
1875
1876
1884
1890
1893
1895
1898
1901
1902
1920
1928
1931
1934
1938
1944
1946
1947
1949
1952
1959
1960
1961
1964
1973
1982
1987
1988
1993
1998
2003
2009
2010
2021
2029
2035
2037
2040
2052
2055
2058
2060
2061
2062
2064
2065
2067
2068
2073
2074
2076
2079
2081
2090
2091
2092
2093
2100
2105
2116
2131
2132
2135
2144
2145
2146
2148
2149
2155
2156
2157
2164
2165
2168
2177
2189
2192
2193
2196
2198
2203
2205
2207
2210
2211
2213
2223
2230
2231
2232
2242
2248
2254
2259
2262
2266
2268
2271
2276
2282
2291
2293
2300
2301
2307
2319
2330
2333
2335
2337
2338
2349
2352
2355
2356
2358
2359
2361
2362
2363
2364
2367
2376
2378
2380
2384
2386
2388
2389
2395
2397
2399
2401
2402
2403
2411
2428
2432
2443
2445
2447
2449
2450
2454
2457
2467
2469
2473
2475
2477
2480
2490
2495
2508
2510
2514
2531
2534
2535
2541
2545
2552
2553
2554
2561
2566
2576
2586
2587
2592
2596
2605
2609
2618
2621
2623
2624
2630
2631
2635
2638
2640
2642
2655
2657
2660
2663
2670
2686
2687
2688
2693
2694
2695
2698
2699
2702
2705
2708
2714
2720
2722
2724
2726
2737
2738
2741
2744
2747
2752
2755
2757
2759
2760
2761
2762
2764
2772
2773
2778
2783
2791
2795
2796
2799
2803
2805
2806
2812
2813
2814
2817
2818
2819
2821
2824
2837
2842
2845
2848
2849
2856
2865
2866
2867
2869
2873
2881
2890
2892
2894
2898
2899
2905
2906
2908
2910
2914
2919
2922
2929
2936
2937
2938
2943
2945
2950
2951
2958
2962
2963
2964
2966
2968
2969
2972
2979
2988
2989
2992
2995
2997
2999
3006
3012
3013
3014
3016
3021
3026
3029
3033
3034
3040
3041
3044
3046
3048
3050
3051
3053
3055
3058
3059
3060
3067
3070
3071
3075
3081
3084
3087
3095
3097
3102
3108
3114
3115
3123
3125
3128
3132
3133
3135
3137
3140
3145
3148
3149
3150
3160
3162
3164
3166
3174
3177
3184
3186
3192
3196
3197
3199
3202
3211
3216
3218
3219
3225
3227
3231
3236
3237
3239
3251
3253
3256
3257
3260
3261
3268
3274
3276
3280
3287
3293
3300
3301
3313
3314
3316
3319
3325
3327
3329
3332
3335
3343
3345
3356
3357
3360
3361
3362
3363
3365
3369
3370
3371
3374
3390
3391
3398
3407
3409
3410
3420
3426
3440
3445
3450
3451
3453
3455
3456
3464
3469
3473
3477
3487
3489
3490
3494
3495
3496
3506
3508
3510
3518
3521
3527
3534
3576
3581
3585
3587
3590
3597
3599
3601
3606
3607
3609
3610
3615
3616
3619
3621
3624
3626
3627
3631
3632
3633
3634
3635
3636
3638
3640
3642
3643
3648
3650
3652
3654
3655
3659
3660
3664
3665
3670
3675
3683
3684
3688
3689
3692
3696
3698
3699
3706
3708
3716
3719
3732
3734
3735
3739
3740
3741
3743
3744
3751
3752
3761
3765
3773
3791
3793
3796
3797
3800
3811
3814
3817
3818
3821
3823
3826
3830
3831
3838
3843
3844
3845
3855
3856
3861
3862
3867
3875
3877
3889
3892
3896
3899
3902
3904
3911
3915
3916
3917
3918
3921
3924
3925
3929
3934
3941
3961
3964
3969
3977
3980
3987
3992
3993
3994
4005
4007
4012
4018
4025
4031
4033
4037
4038
4039
4040
4049
4052
4054
4075
4076
4081
4083
4088
4091
4094
4098
4100
4101
4102
4103
4105
4107
4118
4122
4133
4143
4144
4145
4148
4154
4157
4161
4167
4170
4172
4174
4183
4185
4189
4194
4199
4202
4203
4205
4211
4216
4226
4233
4235
4237
4243
4248
4252
4254
4258
4262
4264
4265
4268
4270
4275
4278
4286
4287
4288
4290
4304
4305
4315
4319
4322
4323
4324
4332
4336
4337
4341
4352
4355
4367
4372
4375
4379
4380
4382
4386
4387
4388
4392
4397
4404
4405
4408
4413
4419
4421
4423
4427
4429
4436
4437
4451
4453
4455
4459
4464
4466
4469
4480
4485
4488
4493
4501
4504
4509
4510
4518
4521
4524
4527
4529
4535
4542
4543
4544
4547
4552
4553
4557
4558
4560
4561
4565
4568
4571
4575
4576
4577
4580
4581
4582
4584
4585
4589
4592
4593
4601
4604
4608
4610
4617
4620
4624
4625
4628
4631
4635
4646
4648
4650
4653
4657
4659
4668
4674
4676
4684
4685
4691
4693
4695
4697
4700
4704
4706
4709
4712
4715
4716
4719
4720
4725
4726
4729
4735
4737
4744
4747
4750
4751
4756
4762
4763
4764
4769
4773
4777
4779
4785
4789
4791
4792
4794
4800
4801
4806
4807
4820
4821
4823
4826
4835
4837
4839
4846
4848
4854
4857
4862
4864
4865
4866
4868
4872
4874
4878
4880
4885
4889
4892
4893
4895
4896
4898
4901
4905
4908
4909
4910
4912
4916
4917
4921
4922
4927
4928
4933
4945
4954
4955
4959
4965
4966
4970
4971
4977
4978
4980
4981
4985
4992
4994
4996
4998
5005
5006
5009
5010
5020
5021
5025
5032
5033
5034
5039
5040
5041
5042
5051
5054
5055
5058
5059
5061
5068
5071
5079
5088
5090
5092
5099
5107
5108
5119
5122
5131
5132
5140
5144
5145
5146
5149
5155
5159
5162
5166
5170
5178
5179
5180
5181
5186
5189
5191
5197
5198
5206
5214
5216
5228
5243
5247
5248
5250
5251
5257
5262
5263
5268
5269
5272
5274
5276
5278
5281
5282
5283
5285
5287
5288
5291
5294
5296
5298
5299
5302
5312
5318
5319
5320
5321
5322
5335
5342
5343
5346
5348
5351
5352
5354
5357
5362
5365
5369
5371
5374
5375
5377
5380
5386
5391
5395
5399
5410
5417
5420
5422
5430
5441
5451
5452
5454
5456
5457
5461
5463
5467
5470
5471
5472
5473
5475
5477
5478
5481
5482
5483
5499
5500
5508
5510
5513
5515
5518
5530
5531
5536
5545
5546
5549
5552
5553
5554
5564
5577
5580
5588
5592
5597
5605
5610
5611
5620
5623
5627
5628
5633
5635
5645
5649
5659
5660
5672
5677
5680
5681
5689
5690
5695
5697
5705
5712
5714
5716
5719
5724
5732
5734
5741
5747
5750
5753
5760
5762
5763
5764
5765
5768
5770
5777
5780
5781
5784
5788
5794
5797
5802
5809
5821
5824
5829
5832
5834
5836
5841
5842
5844
5845
5849
5853
5857
5858
5860
5862
5870
5879
5883
5884
5887
5890
5903
5906
5907
5910
5916
5924
5926
5935
5938
5944
5948
5949
5955
5957
5966
5967
5969
5973
5974
5976
5978
5980
5984
5987
5991
5998
6000
6003
6005
6006
6020
6023
6031
6033
6036
6037
6040
6042
6048
6049
6051
6052
6053
6060
6064
6065
6069
6071
6077
6080
6083
6085
6086
6100
6101
6105
6107
6110
6113
6128
6140
6145
6147
6150
6151
6156
6162
6166
6170
6171
6172
6175
6180
6183
6185
6189
6197
6208
6221
6223
6224
6228
6230
6235
6236
6237
6240
6241
6242
6244
6246
6247
6248
6262
6270
6272
6279
6288
6289
6291
6292
6295
6297
6298
6299
6304
6317
6319
6322
6323
6325
6327
6334
6335
6338
6340
6349
6356
6359
6360
6361
6367
6369
6372
6374
6376
6383
6384
6385
6388
6389
6394
6398
6400
6401
6402
6403
6415
6423
6432
6441
6446
6447
6452
6453
6454
6458
6464
6465
6466
6467
6470
6473
6474
6484
6487
6489
6490
6491
6509
6511
6513
6514
6519
6520
6524
6534
6537
6538
6548
6556
6557
6558
6559
6561
6562
6563
6570
6571
6572
6576
6579
6583
6585
6587
6589
6601
6606
6608
6610
6611
6621
6622
6624
6631
6632
6633
6640
6646
6649
6650
6651
6657
6659
6673
6675
6676
6678
6679
6683
6684
6685
6687
6688
6692
6713
6714
6718
6731
6735
6741
6743
6748
6749
6752
6763
6772
6775
6780
6785
6789
6791
6799
6801
6802
6806
6810
6811
6812
6821
6830
6832
6847
6848
6853
6854
6856
6860
6867
6871
6872
6873
6876
6879
6882
6883
6887
6892
6893
6894
6895
6902
6912
6914
6917
6918
6923
6925
6934
6938
6941
6946
6962
6963
6964
6970
6971
6972
6974
6977
6978
6981
6983
6986
6988
6990
6991
6996
6997
7000
7002
7003
7004
7013
7014
7025
7027
7033
7036
7040
7045
7052
7053
7060
7067
7081
7087
7099
7102
7107
7110
7119
7120
7123
7132
7138
7141
7142
7144
7151
7153
7161
7162
7164
7168
7169
7174
7175
7176
7180
7183
7194
7198
7199
7207
7211
7212
7217
7218
7224
7226
7236
7242
7248
7257
7262
7265
7266
7277
7278
7287
7291
7295
7297
7298
7302
7304
7306
7311
7315
7320
7324
7329
7330
7332
7333
7336
7356
7361
7362
7364
7365
7366
7367
7368
7369
7372
7376
7379
7381
7382
7383
7389
7395
7400
7401
7403
7434
7435
7437
7440
7443
7445
7446
7448
7451
7452
7456
7458
7460
7461
7464
7468
7470
7472
7476
7484
7485
7489
7492
7494
7495
7497
7508
7514
7522
7523
7529
7530
7532
7536
7537
7540
7541
7544
7547
7552
7556
7560
7569
7574
7576
7580
7582
7588
7590
7593
7594
7596
7598
7599
7602
7603
7604
7608
7611
7613
7615
7620
7621
7622
7625
7626
7629
7644
7647
7649
7650
7652
7657
7662
7669
7670
7675
7677
7682
7683
7687
7689
7691
7693
7694
7700
7701
7703
7704
7705
7709
7714
7716
7720
7730
7732
7734
7744
7746
7748
7751
7763
7768
7774
7783
7785
7786
7790
7793
7800
7802
7805
7807
7809
7811
7812
7819
7827
7828
7833
7845
7846
7855
7856
7864
7868
7870
7871
7872
7876
7877
7889
7891
7897
7898
7914
7917
7918
7921
7924
7925
7928
7931
7937
7938
7940
7947
7956
7959
7962
7969
7972
7984
7985
7986
7987
7988
7990
7996
8000
8003
8008
8010
8013
8017
8021
8022
8025
8026
8028
8031
8034
8039
8044
8056
8063
8065
8067
8068
8069
8075
8076
8077
8081
8083
8091
8103
8108
8110
8111
8112
8113
8116
8118
8124
8129
8133
8135
8138
8139
8141
8149
8152
8159
8162
8164
8167
8168
8173
8174
8181
8184
8192
8194
8200
8201
8202
8203
8204
8205
8208
8209
8210
8216
8218
8224
8228
8232
8240
8242
8246
8247
8248
8250
8251
8254
8261
8263
8264
8269
8273
8278
8282
8288
8292
8293
8295
8300
8305
8306
8308
8311
8313
8315
8323
8327
8335
8351
8353
8357
8362
8368
8370
8372
8374
8376
8377
8380
8383
8386
8387
8389
8393
8395
8412
8420
8422
8426
8427
8435
8439
8442
8446
8450
8456
8459
8463
8468
8470
8477
8485
8488
8492
8493
8494
8496
8502
8503
8505
8517
8524
8528
8532
8533
8534
8545
8550
8553
8557
8561
8564
8570
8582
8583
8586
8587
8591
8598
8600
8604
8613
8614
8615
8619
8621
8625
8626
8630
8631
8635
8637
8646
8654
8656
8658
8662
8664
8668
8675
8679
8680
8683
8689
8697
8701
8702
8703
8704
8719
8725
8727
8738
8740
8744
8746
8747
8749
8752
8761
8763
8765
8772
8774
8778
8780
8789
8790
8792
8794
8795
8799
8807
8812
8814
8815
8820
8821
8822
8825
8827
8829
8830
8831
8833
8837
8846
8851
8859
8865
8872
8877
8880
8888
8889
8899
8906
8908
8909
8914
8916
8917
8919
8922
8924
8925
8931
8932
8934
8944
8948
8950
8956
8964
8966
8969
8974
8978
8979
8980
8984
8985
8990
8998
9003
9014
9020
9021
9024
9026
9027
9029
9030
9031
9032
9035
9038
9039
9040
9043
9045
9046
9062
9064
9067
9068
9071
9078
9082
9090
9094
9100
9114
9121
9123
9128
9132
9138
9140
9145
9149
9152
9153
9155
9156
9159
9160
9165
9167
9172
9173
9178
9180
9182
9188
9190
9193
9197
9223
9226
9228
9230
9248
9251
9252
9258
9262
9263
9264
9267
9271
9280
9285
9286
9294
9296
9301
9306
9309
9312
9314
9317
9320
9329
9332
9333
9339
9343
9345
9346
9349
9355
9363
9364
9370
